4 0.20673076923076922 0.47836538461538464 0.2439903846153846 0.3641826923076923
4 0.5420673076923077 0.41947115384615385 0.34134615384615385 0.2692307692307692
4 0.38822115384615385 0.9399038461538461 0.6033653846153846 0.1201923076923077
3 0.5757211538461539 0.5949519230769231 0.15504807692307693 0.13341346153846154
4 0.3425480769230769 0.6646634615384616 0.052884615384615384 0.06971153846153846
4 0.07211538461538461 0.36658653846153844 0.14302884615384615 0.12980769230769232
3 0.41466346153846156 0.7391826923076923 0.1310096153846154 0.28365384615384615
4 0.43990384615384615 0.35697115384615385 0.09014423076923077 0.08413461538461539
4 0.45072115384615385 0.49759615384615385 0.10576923076923077 0.08653846153846154
4 0.234375 0.4026442307692308 0.16706730769230768 0.13822115384615385
4 0.18028846153846154 0.5372596153846154 0.16826923076923078 0.18028846153846154