4 0.18269230769230768 0.33774038461538464 0.09254807692307693 0.04447115384615385
4 0.06490384615384616 0.3545673076923077 0.02403846153846154 0.020432692307692308
4 0.06009615384615385 0.44471153846153844 0.06490384615384616 0.026442307692307692
4 0.265625 0.43149038461538464 0.06009615384615385 0.04326923076923077
4 0.27524038461538464 0.39302884615384615 0.06850961538461539 0.036057692307692304
4 0.3088942307692308 0.4326923076923077 0.05048076923076923 0.038461538461538464
4 0.13822115384615385 0.6622596153846154 0.0889423076923077 0.05889423076923077
4 0.2127403846153846 0.6105769230769231 0.11899038461538461 0.0673076923076923
4 0.03125 0.49399038461538464 0.040865384615384616 0.01201923076923077
4 0.04927884615384615 0.5985576923076923 0.04807692307692308 0.04567307692307692
4 0.13942307692307693 0.7752403846153846 0.06129807692307692 0.055288461538461536
4 0.29447115384615385 0.7548076923076923 0.02403846153846154 0.020432692307692308
4 0.057692307692307696 0.7223557692307693 0.09014423076923077 0.0673076923076923
4 0.36778846153846156 0.8786057692307693 0.04447115384615385 0.027644230769230768
4 0.15384615384615385 0.46153846153846156 0.0889423076923077 0.06490384615384616
4 0.23076923076923078 0.7752403846153846 0.07211538461538461 0.054086538461538464
4 0.2824519230769231 0.8161057692307693 0.21514423076923078 0.09254807692307693
4 0.2764423076923077 0.9483173076923077 0.22596153846153846 0.10336538461538461
4 0.09495192307692307 0.8485576923076923 0.10216346153846154 0.10576923076923077
4 0.3701923076923077 0.5649038461538461 0.0673076923076923 0.04447115384615385
4 0.17307692307692307 0.5516826923076923 0.06129807692307692 0.037259615384615384
4 0.9675480769230769 0.34975961538461536 0.057692307692307696 0.03365384615384615
4 0.890625 0.43990384615384615 0.10817307692307693 0.056490384615384616
4 0.9134615384615384 0.37740384615384615 0.1045673076923077 0.06370192307692307
4 0.8377403846153846 0.5360576923076923 0.078125 0.046875
4 0.8040865384615384 0.6646634615384616 0.078125 0.10336538461538461
4 0.890625 0.59375 0.12860576923076922 0.06610576923076923
4 0.9783653846153846 0.8533653846153846 0.04326923076923077 0.06490384615384616
4 0.9302884615384616 0.9170673076923077 0.05889423076923077 0.06009615384615385
4 0.7379807692307693 0.5264423076923077 0.11177884615384616 0.078125
4 0.6959134615384616 0.5877403846153846 0.06850961538461539 0.06370192307692307
4 0.6610576923076923 0.5132211538461539 0.06370192307692307 0.030048076923076924
4 0.5685096153846154 0.5612980769230769 0.14903846153846154 0.1466346153846154
4 0.6526442307692307 0.6899038461538461 0.08533653846153846 0.04567307692307692
4 0.6658653846153846 0.7391826923076923 0.13822115384615385 0.040865384615384616
4 0.6670673076923077 0.7932692307692307 0.17548076923076922 0.08052884615384616
4 0.6490384615384616 0.890625 0.15384615384615385 0.125
4 0.7223557692307693 0.9495192307692307 0.19471153846153846 0.10096153846153846
7 0.8293269230769231 0.8040865384615384 0.15985576923076922 0.13341346153846154
4 0.3317307692307692 0.6237980769230769 0.07932692307692307 0.07572115384615384
4 0.3641826923076923 0.7127403846153846 0.14423076923076922 0.10817307692307693
4 0.23918269230769232 0.6814903846153846 0.09375 0.06850961538461539
3 0.6358173076923077 0.3004807692307692 0.37259615384615385 0.24519230769230768
7 0.7223557692307693 0.2247596153846154 0.054086538461538464 0.04567307692307692
4 0.12620192307692307 0.36538461538461536 0.08774038461538461 0.042067307692307696
4 0.14302884615384615 0.4098557692307692 0.11899038461538461 0.05048076923076923
4 0.23076923076923078 0.6802884615384616 0.36778846153846156 0.3485576923076923
4 0.7572115384615384 0.7451923076923077 0.4098557692307692 0.421875
4 0.1935096153846154 0.5288461538461539 0.28365384615384615 0.2980769230769231
4 0.8509615384615384 0.5336538461538461 0.23918269230769232 0.19831730769230768