3 0.5877403846153846 0.38461538461538464 0.6358173076923077 0.11538461538461539
3 0.625 0.16466346153846154 0.13701923076923078 0.32091346153846156
3 0.07932692307692307 0.12379807692307693 0.15865384615384615 0.23076923076923078
3 0.1971153846153846 0.17548076923076922 0.12740384615384615 0.3329326923076923
3 0.4723557692307692 0.4639423076923077 0.125 0.16706730769230768
7 0.22956730769230768 0.8329326923076923 0.16346153846153846 0.14903846153846154
7 0.4182692307692308 0.9375 0.16466346153846154 0.1201923076923077
7 0.3317307692307692 0.8942307692307693 0.0889423076923077 0.09254807692307693
7 0.28125 0.9627403846153846 0.10336538461538461 0.0733173076923077
3 0.390625 0.6153846153846154 0.26802884615384615 0.14783653846153846
6 0.7379807692307693 0.5288461538461539 0.2608173076923077 0.1935096153846154
6 0.9471153846153846 0.6346153846153846 0.1045673076923077 0.11177884615384616
4 0.8209134615384616 0.9387019230769231 0.22355769230769232 0.12259615384615384
7 0.7115384615384616 0.6490384615384616 0.21033653846153846 0.140625
4 0.078125 0.41947115384615385 0.15625 0.13701923076923078