4 0.3449519230769231 0.9543269230769231 0.1502403846153846 0.0733173076923077
4 0.9050480769230769 0.9254807692307693 0.18990384615384615 0.0673076923076923
4 0.7728365384615384 0.9206730769230769 0.109375 0.11778846153846154
4 0.6514423076923077 0.8774038461538461 0.0985576923076923 0.08173076923076923
4 0.7512019230769231 0.7560096153846154 0.13341346153846154 0.08653846153846154
4 0.4110576923076923 0.6358173076923077 0.18028846153846154 0.1814903846153846
4 0.7079326923076923 0.5192307692307693 0.13822115384615385 0.0733173076923077
7 0.6911057692307693 0.8233173076923077 0.08774038461538461 0.046875
6 0.1658653846153846 0.8353365384615384 0.07451923076923077 0.09014423076923077
4 0.8269230769230769 0.47596153846153844 0.13581730769230768 0.16105769230769232
4 0.5384615384615384 0.8293269230769231 0.1346153846153846 0.10817307692307693
4 0.17427884615384615 0.6322115384615384 0.09134615384615384 0.07692307692307693
4 0.25240384615384615 0.6646634615384616 0.0829326923076923 0.052884615384615384
4 0.4074519230769231 0.6298076923076923 0.10216346153846154 0.10336538461538461
4 0.5612980769230769 0.7235576923076923 0.0829326923076923 0.056490384615384616
7 0.47836538461538464 0.47596153846153844 0.0733173076923077 0.06009615384615385
7 0.7163461538461539 0.6346153846153846 0.1502403846153846 0.1310096153846154
3 0.14783653846153846 0.7548076923076923 0.1778846153846154 0.09975961538461539
3 0.04807692307692308 0.5252403846153846 0.09615384615384616 0.1658653846153846
4 0.5588942307692307 0.6742788461538461 0.06009615384615385 0.040865384615384616