7 0.5396634615384616 0.5372596153846154 0.12620192307692307 0.1346153846153846
4 0.3605769230769231 0.8088942307692307 0.328125 0.3088942307692308
4 0.7536057692307693 0.14302884615384615 0.22235576923076922 0.09615384615384616
3 0.8233173076923077 0.7632211538461539 0.3269230769230769 0.2283653846153846
3 0.06129807692307692 0.9471153846153846 0.12259615384615384 0.10576923076923077
4 0.3076923076923077 0.5612980769230769 0.3245192307692308 0.17908653846153846
4 0.23918269230769232 0.8317307692307693 0.11658653846153846 0.14423076923076922
4 0.43509615384615385 0.9122596153846154 0.11778846153846154 0.11538461538461539
4 0.37259615384615385 0.7716346153846154 0.1778846153846154 0.12860576923076922
4 0.296875 0.6838942307692307 0.18990384615384615 0.07932692307692307
4 0.5877403846153846 0.7632211538461539 0.078125 0.10216346153846154
4 0.75 0.2091346153846154 0.12620192307692307 0.08413461538461539
4 0.7536057692307693 0.4411057692307692 0.1814903846153846 0.16826923076923078
3 0.0625 0.5252403846153846 0.12379807692307693 0.07932692307692307
4 0.734375 0.578125 0.19110576923076922 0.08774038461538461
4 0.5805288461538461 0.6358173076923077 0.19591346153846154 0.10336538461538461
7 0.7451923076923077 0.8990384615384616 0.3701923076923077 0.1466346153846154
4 0.09975961538461539 0.7307692307692307 0.17307692307692307 0.15144230769230768