4 0.38100961538461536 0.13822115384615385 0.36177884615384615 0.2283653846153846
4 0.765625 0.18990384615384615 0.13701923076923078 0.3004807692307692
4 0.40024038461538464 0.4387019230769231 0.24759615384615385 0.25240384615384615
4 0.5036057692307693 0.6081730769230769 0.19230769230769232 0.25961538461538464
4 0.78125 0.5 0.16105769230769232 0.21514423076923078
4 0.7283653846153846 0.6538461538461539 0.20793269230769232 0.09134615384615384
4 0.6971153846153846 0.7752403846153846 0.25841346153846156 0.10096153846153846
4 0.5168269230769231 0.7932692307692307 0.8353365384615384 0.3004807692307692
4 0.0829326923076923 0.33774038461538464 0.09495192307692307 0.14423076923076922
6 0.13701923076923078 0.5480769230769231 0.171875 0.15865384615384615
6 0.6081730769230769 0.34975961538461536 0.09014423076923077 0.13221153846153846
4 0.8918269230769231 0.38221153846153844 0.1971153846153846 0.13341346153846154