6 0.20552884615384615 0.31850961538461536 0.04807692307692308 0.03485576923076923
6 0.07211538461538461 0.1935096153846154 0.14302884615384615 0.1346153846153846
6 0.8425480769230769 0.8930288461538461 0.19831730769230768 0.13221153846153846
6 0.8329326923076923 0.515625 0.10336538461538461 0.054086538461538464
6 0.6021634615384616 0.47836538461538464 0.0673076923076923 0.026442307692307692
6 0.5408653846153846 0.359375 0.09495192307692307 0.0625
6 0.4254807692307692 0.4675480769230769 0.028846153846153848 0.0673076923076923
3 0.3425480769230769 0.4387019230769231 0.08653846153846154 0.036057692307692304
3 0.3605769230769231 0.5528846153846154 0.3088942307692308 0.30408653846153844
3 0.3425480769230769 0.765625 0.3798076923076923 0.1622596153846154
3 0.44591346153846156 0.8545673076923077 0.1141826923076923 0.08653846153846154
3 0.40384615384615385 0.9831730769230769 0.15264423076923078 0.03245192307692308
3 0.07932692307692307 0.8653846153846154 0.15865384615384615 0.2692307692307692
3 0.19591346153846154 0.9122596153846154 0.12980769230769232 0.16466346153846154
3 0.11057692307692307 0.6935096153846154 0.21995192307692307 0.17307692307692307
3 0.16105769230769232 0.5204326923076923 0.11778846153846154 0.18990384615384615
2 0.12740384615384615 0.23317307692307693 0.036057692307692304 0.05889423076923077
6 0.2692307692307692 0.2800480769230769 0.09735576923076923 0.036057692307692304
7 0.22355769230769232 0.19110576923076922 0.042067307692307696 0.08774038461538461
4 0.3016826923076923 0.1778846153846154 0.06490384615384616 0.07692307692307693
4 0.2824519230769231 0.09375 0.051682692307692304 0.07091346153846154
7 0.17908653846153846 0.09495192307692307 0.046875 0.057692307692307696
7 0.10096153846153846 0.10576923076923077 0.04807692307692308 0.0673076923076923
7 0.4206730769230769 0.9158653846153846 0.07091346153846154 0.0673076923076923
7 0.39783653846153844 0.8028846153846154 0.04326923076923077 0.037259615384615384
4 0.5384615384615384 0.6358173076923077 0.1466346153846154 0.08052884615384616
4 0.9326923076923077 0.6802884615384616 0.1346153846153846 0.08173076923076923
6 0.0889423076923077 0.28725961538461536 0.09014423076923077 0.028846153846153848
7 0.6598557692307693 0.4074519230769231 0.04447115384615385 0.06009615384615385
7 0.6971153846153846 0.42788461538461536 0.052884615384615384 0.05048076923076923
7 0.6514423076923077 0.4735576923076923 0.0889423076923077 0.0829326923076923
3 0.7884615384615384 0.8461538461538461 0.421875 0.28365384615384615
4 0.17908653846153846 0.25961538461538464 0.04927884615384615 0.025240384615384616