2 0.7800480769230769 0.5805288461538461 0.07692307692307693 0.12379807692307693
2 0.9375 0.5372596153846154 0.03125 0.10697115384615384
3 0.6875 0.35336538461538464 0.08533653846153846 0.13701923076923078
3 0.6935096153846154 0.7644230769230769 0.16706730769230768 0.040865384615384616
7 0.29086538461538464 0.2548076923076923 0.07692307692307693 0.05048076923076923
7 0.8197115384615384 0.18269230769230768 0.06490384615384616 0.12139423076923077
7 0.8858173076923077 0.40865384615384615 0.10576923076923077 0.13221153846153846
3 0.8245192307692307 0.3317307692307692 0.12379807692307693 0.10336538461538461
3 0.4182692307692308 0.11899038461538461 0.14783653846153846 0.037259615384615384
3 0.4050480769230769 0.2692307692307692 0.13822115384615385 0.11899038461538461
3 0.39302884615384615 0.13822115384615385 0.13341346153846154 0.0673076923076923
3 0.43149038461538464 0.17067307692307693 0.08774038461538461 0.051682692307692304
3 0.46153846153846156 0.21033653846153846 0.06009615384615385 0.07451923076923077
3 0.5192307692307693 0.0673076923076923 0.15745192307692307 0.12980769230769232
3 0.5276442307692307 0.11298076923076923 0.07932692307692307 0.04447115384615385
3 0.5204326923076923 0.14783653846153846 0.11538461538461539 0.05889423076923077
3 0.5216346153846154 0.19110576923076922 0.06129807692307692 0.052884615384615384
3 0.5168269230769231 0.2283653846153846 0.1346153846153846 0.13221153846153846
3 0.09134615384615384 0.12379807692307693 0.06129807692307692 0.0829326923076923
3 0.11538461538461539 0.20793269230769232 0.0829326923076923 0.17908653846153846
3 0.12139423076923077 0.28365384615384615 0.11057692307692307 0.22235576923076922
3 0.4735576923076923 0.6009615384615384 0.2127403846153846 0.11057692307692307
3 0.4855769230769231 0.7259615384615384 0.18389423076923078 0.08774038461538461
3 0.5120192307692307 0.6682692307692307 0.12379807692307693 0.08173076923076923
3 0.28725961538461536 0.7740384615384616 0.1778846153846154 0.11778846153846154
3 0.20673076923076922 0.6430288461538461 0.08533653846153846 0.046875
3 0.26802884615384615 0.6646634615384616 0.13942307692307693 0.06370192307692307
3 0.1814903846153846 0.6971153846153846 0.05048076923076923 0.15384615384615385
3 0.27163461538461536 0.6838942307692307 0.14423076923076922 0.09375
3 0.23557692307692307 0.9170673076923077 0.11899038461538461 0.15625
3 0.3233173076923077 0.8641826923076923 0.07932692307692307 0.08653846153846154
3 0.3713942307692308 0.9146634615384616 0.21875 0.12620192307692307
3 0.45913461538461536 0.9651442307692307 0.12980769230769232 0.06971153846153846
3 0.41346153846153844 0.7896634615384616 0.06370192307692307 0.1201923076923077
3 0.4963942307692308 0.8557692307692307 0.12620192307692307 0.2283653846153846
3 0.6141826923076923 0.9242788461538461 0.18389423076923078 0.1466346153846154
3 0.6514423076923077 0.8064903846153846 0.20072115384615385 0.06490384615384616
3 0.7560096153846154 0.8822115384615384 0.13822115384615385 0.21514423076923078
3 0.8305288461538461 0.9447115384615384 0.11658653846153846 0.11057692307692307
3 0.8930288461538461 0.8894230769230769 0.15144230769230768 0.22115384615384615
3 0.9579326923076923 0.7824519230769231 0.08413461538461539 0.08413461538461539
7 0.9519230769230769 0.6514423076923077 0.07572115384615384 0.09495192307692307
7 0.5588942307692307 0.3545673076923077 0.11899038461538461 0.125
7 0.640625 0.45072115384615385 0.07932692307692307 0.09375
7 0.9086538461538461 0.27163461538461536 0.03245192307692308 0.11658653846153846
7 0.9206730769230769 0.3173076923076923 0.027644230769230768 0.056490384615384616
7 0.6826923076923077 0.27884615384615385 0.02403846153846154 0.07211538461538461
3 0.6430288461538461 0.23076923076923078 0.16466346153846154 0.09134615384615384
3 0.7572115384615384 0.06610576923076923 0.09615384615384616 0.09975961538461539
4 0.23197115384615385 0.15384615384615385 0.22355769230769232 0.19230769230769232
3 0.47596153846153844 0.5276442307692307 0.10096153846153846 0.054086538461538464
3 0.14423076923076922 0.5793269230769231 0.06370192307692307 0.16706730769230768