3 0.07091346153846154 0.59375 0.14182692307692307 0.1310096153846154
3 0.17548076923076922 0.6875 0.3389423076923077 0.19831730769230768
6 0.24639423076923078 0.27403846153846156 0.09134615384615384 0.24879807692307693
2 0.24278846153846154 0.5685096153846154 0.06610576923076923 0.06610576923076923
7 0.6105769230769231 0.6033653846153846 0.20192307692307693 0.09134615384615384
7 0.47716346153846156 0.5060096153846154 0.19951923076923078 0.08173076923076923
7 0.5492788461538461 0.8389423076923077 0.16826923076923078 0.13221153846153846
7 0.7992788461538461 0.7836538461538461 0.1658653846153846 0.15504807692307693
7 0.7836538461538461 0.9254807692307693 0.18028846153846154 0.14903846153846154
7 0.7560096153846154 0.5300480769230769 0.23197115384615385 0.10336538461538461
7 0.5853365384615384 0.4651442307692308 0.15144230769230768 0.07091346153846154
7 0.40625 0.4423076923076923 0.20552884615384615 0.09014423076923077
7 0.43990384615384615 0.5805288461538461 0.1971153846153846 0.09254807692307693
2 0.1502403846153846 0.35697115384615385 0.078125 0.0985576923076923
2 0.4831730769230769 0.5721153846153846 0.12980769230769232 0.0673076923076923
2 0.8533653846153846 0.23918269230769232 0.08774038461538461 0.056490384615384616
2 0.8185096153846154 0.1778846153846154 0.038461538461538464 0.09134615384615384
2 0.6814903846153846 0.1935096153846154 0.03485576923076923 0.08173076923076923
4 0.7019230769230769 0.2127403846153846 0.20072115384615385 0.0733173076923077
6 0.9014423076923077 0.14543269230769232 0.10576923076923077 0.17067307692307693
7 0.4266826923076923 0.36538461538461536 0.1778846153846154 0.109375
3 0.9399038461538461 0.8533653846153846 0.1201923076923077 0.2920673076923077
3 0.21754807692307693 0.47475961538461536 0.16346153846153846 0.10096153846153846