3 0.8004807692307693 0.7932692307692307 0.2127403846153846 0.11778846153846154
4 0.3858173076923077 0.8605769230769231 0.2776442307692308 0.10697115384615384
4 0.13221153846153846 0.5721153846153846 0.2620192307692308 0.15504807692307693
4 0.30649038461538464 0.27884615384615385 0.15384615384615385 0.054086538461538464
3 0.8834134615384616 0.3004807692307692 0.23317307692307693 0.1935096153846154
4 0.31971153846153844 0.9447115384615384 0.12379807692307693 0.038461538461538464
4 0.3737980769230769 0.546875 0.18389423076923078 0.078125
6 0.10336538461538461 0.5625 0.08173076923076923 0.09735576923076923
3 0.8040865384615384 0.5829326923076923 0.17067307692307693 0.2668269230769231
4 0.17307692307692307 0.8509615384615384 0.13341346153846154 0.2512019230769231
4 0.38461538461538464 0.7752403846153846 0.203125 0.08052884615384616