3 0.6418269230769231 0.6105769230769231 0.1778846153846154 0.0673076923076923
3 0.9002403846153846 0.7836538461538461 0.19951923076923078 0.14182692307692307
3 0.0733173076923077 0.796875 0.12980769230769232 0.16826923076923078
3 0.21033653846153846 0.8774038461538461 0.15745192307692307 0.11899038461538461
3 0.1814903846153846 0.8689903846153846 0.07091346153846154 0.05889423076923077
3 0.24519230769230768 0.8677884615384616 0.0625 0.04927884615384615
3 0.5733173076923077 0.9387019230769231 0.18629807692307693 0.12139423076923077
3 0.6129807692307693 0.9471153846153846 0.12139423076923077 0.10096153846153846
3 0.5336538461538461 0.9411057692307693 0.056490384615384616 0.09495192307692307
3 0.96875 0.9663461538461539 0.0625 0.0625
3 0.3737980769230769 0.6009615384615384 0.21514423076923078 0.09014423076923077
3 0.3329326923076923 0.6971153846153846 0.21995192307692307 0.09495192307692307
3 0.6382211538461539 0.6875 0.359375 0.09735576923076923
4 0.06370192307692307 0.6442307692307693 0.12740384615384615 0.12259615384615384
4 0.18870192307692307 0.7091346153846154 0.09975961538461539 0.05889423076923077
3 0.1971153846153846 0.7740384615384616 0.12860576923076922 0.10096153846153846
3 0.7896634615384616 0.9326923076923077 0.2091346153846154 0.1346153846153846