4 0.7295673076923077 0.13701923076923078 0.2608173076923077 0.17307692307692307
4 0.4230769230769231 0.2091346153846154 0.13581730769230768 0.3125
4 0.90625 0.36177884615384615 0.14182692307692307 0.27163461538461536
4 0.6658653846153846 0.7319711538461539 0.2776442307692308 0.17908653846153846
4 0.5324519230769231 0.6766826923076923 0.11658653846153846 0.20072115384615385
4 0.5757211538461539 0.45072115384615385 0.08653846153846154 0.25841346153846156
6 0.5024038461538461 0.47475961538461536 0.06129807692307692 0.19110576923076922
6 0.8329326923076923 0.5793269230769231 0.13221153846153846 0.25
6 0.8966346153846154 0.4338942307692308 0.20673076923076922 0.13822115384615385
4 0.7007211538461539 0.42427884615384615 0.15745192307692307 0.18629807692307693
4 0.32091346153846156 0.3125 0.16346153846153846 0.140625
4 0.09254807692307693 0.4891826923076923 0.18509615384615385 0.1658653846153846
4 0.28125 0.6021634615384616 0.3389423076923077 0.27524038461538464
6 0.2644230769230769 0.21754807692307693 0.22235576923076922 0.09014423076923077
6 0.5204326923076923 0.3112980769230769 0.06971153846153846 0.09615384615384616