4 0.18028846153846154 0.7764423076923077 0.2824519230769231 0.2920673076923077
4 0.37740384615384615 0.35216346153846156 0.12620192307692307 0.23798076923076922
4 0.6514423076923077 0.6526442307692307 0.25600961538461536 0.21754807692307693
4 0.3581730769230769 0.6274038461538461 0.2860576923076923 0.18028846153846154
4 0.5685096153846154 0.47836538461538464 0.13341346153846154 0.12740384615384615
4 0.6009615384615384 0.38341346153846156 0.13341346153846154 0.08533653846153846
4 0.8930288461538461 0.234375 0.12259615384615384 0.13221153846153846
6 0.07692307692307693 0.49399038461538464 0.14543269230769232 0.23076923076923078
6 0.08173076923076923 0.32211538461538464 0.14182692307692307 0.12620192307692307
6 0.47475961538461536 0.4050480769230769 0.08173076923076923 0.2127403846153846
6 0.4206730769230769 0.2403846153846154 0.15985576923076922 0.1466346153846154