3 0.7536057692307693 0.640625 0.4387019230769231 0.28725961538461536
3 0.21394230769230768 0.7620192307692307 0.20793269230769232 0.19831730769230768
3 0.359375 0.2920673076923077 0.5132211538461539 0.2403846153846154
3 0.20432692307692307 0.5276442307692307 0.38221153846153844 0.23197115384615385
4 0.4326923076923077 0.8209134615384616 0.20793269230769232 0.3449519230769231
4 0.7680288461538461 0.8954326923076923 0.4483173076923077 0.20552884615384615
4 0.7247596153846154 0.2644230769230769 0.19831730769230768 0.44471153846153844
3 0.6694711538461539 0.6875 0.15985576923076922 0.18870192307692307
3 0.8966346153846154 0.6850961538461539 0.19110576923076922 0.1875
3 0.9110576923076923 0.5288461538461539 0.1778846153846154 0.11298076923076923
3 0.171875 0.29927884615384615 0.17307692307692307 0.25600961538461536
3 0.37740384615384615 0.30408653846153844 0.22956730769230768 0.22355769230769232
3 0.9050480769230769 0.9026442307692307 0.18990384615384615 0.19471153846153846
3 0.0625 0.7175480769230769 0.12379807692307693 0.17908653846153846