2 0.14182692307692307 0.5372596153846154 0.1875 0.10576923076923077
3 0.8870192307692307 0.8064903846153846 0.20673076923076922 0.1658653846153846
3 0.6153846153846154 0.9206730769230769 0.21754807692307693 0.15625
3 0.40865384615384615 0.9110576923076923 0.21153846153846154 0.1778846153846154
3 0.7463942307692307 0.8149038461538461 0.25841346153846156 0.24158653846153846
3 0.7776442307692307 0.6730769230769231 0.15745192307692307 0.12860576923076922
3 0.6862980769230769 0.7307692307692307 0.171875 0.09975961538461539
3 0.6021634615384616 0.7596153846153846 0.22355769230769232 0.15144230769230768
3 0.5012019230769231 0.7716346153846154 0.265625 0.171875
3 0.7896634615384616 0.2980769230769231 0.24158653846153846 0.5120192307692307
3 0.6730769230769231 0.27403846153846156 0.31971153846153844 0.5480769230769231
3 0.7199519230769231 0.2956730769230769 0.3798076923076923 0.5913461538461539
3 0.5012019230769231 0.30649038461538464 0.3449519230769231 0.5973557692307693
3 0.5348557692307693 0.296875 0.16346153846153846 0.5637019230769231
3 0.36658653846153844 0.4254807692307692 0.19230769230769232 0.8497596153846154
3 0.22716346153846154 0.25 0.27403846153846156 0.4951923076923077