7 0.17668269230769232 0.2776442307692308 0.28365384615384615 0.07692307692307693
7 0.18028846153846154 0.3870192307692308 0.2403846153846154 0.04567307692307692
7 0.16826923076923078 0.4735576923076923 0.2956730769230769 0.09134615384615384
7 0.20552884615384615 0.8798076923076923 0.16826923076923078 0.056490384615384616
7 0.05889423076923077 0.8954326923076923 0.11177884615384616 0.12980769230769232
7 0.3798076923076923 0.8737980769230769 0.12860576923076922 0.09014423076923077
7 0.4699519230769231 0.8629807692307693 0.11538461538461539 0.10096153846153846
7 0.5865384615384616 0.8990384615384616 0.14182692307692307 0.06610576923076923
7 0.10216346153846154 0.6971153846153846 0.09975961538461539 0.05048076923076923
7 0.6706730769230769 0.8293269230769231 0.21875 0.10336538461538461
7 0.7824519230769231 0.7548076923076923 0.2247596153846154 0.12379807692307693
7 0.8209134615384616 0.8028846153846154 0.125 0.11899038461538461
7 0.2439903846153846 0.7632211538461539 0.10576923076923077 0.10817307692307693
7 0.1346153846153846 0.8016826923076923 0.16826923076923078 0.11177884615384616
7 0.32211538461538464 0.8064903846153846 0.18629807692307693 0.13581730769230768
7 0.43990384615384615 0.7800480769230769 0.1201923076923077 0.06850961538461539
7 0.5877403846153846 0.78125 0.15504807692307693 0.04927884615384615
7 0.08653846153846154 0.5829326923076923 0.12620192307692307 0.1045673076923077
7 0.22355769230769232 0.5985576923076923 0.18990384615384615 0.09134615384615384
7 0.9302884615384616 0.4651442307692308 0.13822115384615385 0.10216346153846154
7 0.9278846153846154 0.35096153846153844 0.14302884615384615 0.10096153846153846
7 0.9338942307692307 0.2512019230769231 0.13221153846153846 0.08413461538461539
7 0.9302884615384616 0.15144230769230768 0.13822115384615385 0.06370192307692307
7 0.9170673076923077 0.03125 0.11057692307692307 0.0625
7 0.9314903846153846 0.6322115384615384 0.13581730769230768 0.20192307692307693
7 0.203125 0.9122596153846154 0.14783653846153846 0.051682692307692304
6 0.75 0.5877403846153846 0.07692307692307693 0.028846153846153848