6 0.07572115384615384 0.6394230769230769 0.1502403846153846 0.18028846153846154
6 0.6598557692307693 0.5793269230769231 0.1971153846153846 0.1141826923076923
6 0.4795673076923077 0.8257211538461539 0.1310096153846154 0.1141826923076923
6 0.4014423076923077 0.6538461538461539 0.1814903846153846 0.046875
6 0.4963942307692308 0.6021634615384616 0.10576923076923077 0.08533653846153846
4 0.296875 0.3473557692307692 0.22115384615384615 0.31850961538461536
4 0.4074519230769231 0.6826923076923077 0.4519230769230769 0.49158653846153844
4 0.5168269230769231 0.8389423076923077 0.23918269230769232 0.20793269230769232
4 0.4795673076923077 0.6826923076923077 0.2620192307692308 0.16346153846153846
4 0.0889423076923077 0.8197115384615384 0.17668269230769232 0.12860576923076922
4 0.3269230769230769 0.5600961538461539 0.234375 0.15625
4 0.3004807692307692 0.3713942307692308 0.12259615384615384 0.1622596153846154