3 0.34134615384615385 0.5324519230769231 0.25240384615384615 0.12860576923076922
3 0.21875 0.5805288461538461 0.1310096153846154 0.13581730769230768
3 0.3629807692307692 0.6358173076923077 0.22115384615384615 0.0829326923076923
3 0.21033653846153846 0.6550480769230769 0.109375 0.078125
3 0.10336538461538461 0.5096153846153846 0.0733173076923077 0.07091346153846154
3 0.6634615384615384 0.17427884615384615 0.11778846153846154 0.056490384615384616
3 0.8028846153846154 0.17548076923076922 0.18028846153846154 0.06850961538461539
3 0.7235576923076923 0.26802884615384615 0.32572115384615385 0.12740384615384615
3 0.6394230769230769 0.3629807692307692 0.16105769230769232 0.09254807692307693
7 0.7788461538461539 0.3641826923076923 0.09615384615384616 0.08533653846153846
7 0.8762019230769231 0.43149038461538464 0.10817307692307693 0.10216346153846154
7 0.4026442307692308 0.7355769230769231 0.07091346153846154 0.07692307692307693
7 0.6911057692307693 0.9314903846153846 0.08774038461538461 0.07211538461538461
0 0.9314903846153846 0.7319711538461539 0.09615384615384616 0.12980769230769232
6 0.7283653846153846 0.5973557692307693 0.051682692307692304 0.06971153846153846
3 0.7115384615384616 0.8401442307692307 0.17307692307692307 0.1310096153846154
3 0.7596153846153846 0.46033653846153844 0.1875 0.054086538461538464
3 0.2824519230769231 0.7884615384615384 0.15625 0.16826923076923078
3 0.30528846153846156 0.7848557692307693 0.10216346153846154 0.08774038461538461
3 0.125 0.8245192307692307 0.125 0.1346153846153846
3 0.9483173076923077 0.5673076923076923 0.03245192307692308 0.07091346153846154
4 0.9014423076923077 0.9038461538461539 0.12259615384615384 0.10817307692307693
2 0.7908653846153846 0.6045673076923077 0.03125 0.05048076923076923