4 0.2980769230769231 0.5877403846153846 0.042067307692307696 0.17908653846153846
7 0.7463942307692307 0.7836538461538461 0.056490384615384616 0.12980769230769232
7 0.49399038461538464 0.7536057692307693 0.07572115384615384 0.06129807692307692
7 0.5637019230769231 0.8689903846153846 0.09254807692307693 0.0673076923076923
7 0.5793269230769231 0.5721153846153846 0.234375 0.25600961538461536
6 0.35697115384615385 0.7752403846153846 0.11538461538461539 0.13221153846153846
4 0.38822115384615385 0.5709134615384616 0.22956730769230768 0.29086538461538464
4 0.796875 0.6129807692307693 0.30649038461538464 0.34134615384615385
4 0.8413461538461539 0.6887019230769231 0.16947115384615385 0.14783653846153846
4 0.7463942307692307 0.7800480769230769 0.15504807692307693 0.19471153846153846
4 0.6165865384615384 0.7956730769230769 0.17548076923076922 0.18629807692307693
4 0.4795673076923077 0.8713942307692307 0.13822115384615385 0.15264423076923078
4 0.39783653846153844 0.8353365384615384 0.11177884615384616 0.17307692307692307
4 0.24519230769230768 0.7367788461538461 0.20552884615384615 0.18870192307692307