2 0.45552884615384615 0.6057692307692307 0.22716346153846154 0.29927884615384615
2 0.890625 0.8629807692307693 0.21875 0.25
2 0.5324519230769231 0.8834134615384616 0.4338942307692308 0.19831730769230768
4 0.8762019230769231 0.19230769230769232 0.22596153846153846 0.33413461538461536
2 0.390625 0.5841346153846154 0.2091346153846154 0.16826923076923078
2 0.5649038461538461 0.6201923076923077 0.15384615384615385 0.16105769230769232
2 0.8317307692307693 0.8990384615384616 0.16706730769230768 0.20072115384615385
2 0.9495192307692307 0.8545673076923077 0.10096153846153846 0.2692307692307692
2 0.9459134615384616 0.6862980769230769 0.10817307692307693 0.12740384615384615
2 0.8185096153846154 0.6742788461538461 0.14182692307692307 0.16947115384615385
2 0.8581730769230769 0.5072115384615384 0.28365384615384615 0.21514423076923078
2 0.3485576923076923 0.2956730769230769 0.40384615384615385 0.28846153846153844
2 0.5685096153846154 0.45913461538461536 0.13221153846153846 0.1814903846153846
2 0.45913461538461536 0.8197115384615384 0.33774038461538464 0.13341346153846154
2 0.6742788461538461 0.8569711538461539 0.2848557692307692 0.12740384615384615