6 0.08052884615384616 0.6382211538461539 0.15264423076923078 0.38341346153846156
6 0.15384615384615385 0.5336538461538461 0.0889423076923077 0.3581730769230769
6 0.2127403846153846 0.6514423076923077 0.14903846153846154 0.41586538461538464
6 0.27163461538461536 0.8629807692307693 0.09735576923076923 0.06850961538461539
6 0.31850961538461536 0.6778846153846154 0.08533653846153846 0.30649038461538464
6 0.3629807692307692 0.5997596153846154 0.19230769230769232 0.3401442307692308
6 0.4831730769230769 0.5456730769230769 0.13942307692307693 0.17548076923076922
6 0.7596153846153846 0.6454326923076923 0.4807692307692308 0.15384615384615385
6 0.5637019230769231 0.2776442307692308 0.8233173076923077 0.29447115384615385
6 0.75 0.40024038461538464 0.15264423076923078 0.12379807692307693
6 0.7151442307692307 0.47836538461538464 0.46033653846153844 0.15264423076923078
6 0.8365384615384616 0.8329326923076923 0.27403846153846156 0.11658653846153846
6 0.5865384615384616 0.8149038461538461 0.38822115384615385 0.2848557692307692
6 0.5 0.4579326923076923 1 0.7716346153846154
6 0.6298076923076923 0.8365384615384616 0.14543269230769232 0.11778846153846154