3 0.38341346153846156 0.4483173076923077 0.20673076923076922 0.16706730769230768
3 0.13701923076923078 0.46153846153846156 0.2512019230769231 0.15264423076923078
3 0.5480769230769231 0.7175480769230769 0.20673076923076922 0.25721153846153844
3 0.1935096153846154 0.6129807692307693 0.3858173076923077 0.2403846153846154
3 0.8822115384615384 0.4026442307692308 0.234375 0.1502403846153846
3 0.875 0.6069711538461539 0.24879807692307693 0.23798076923076922
3 0.8689903846153846 0.6334134615384616 0.2620192307692308 0.12740384615384615
3 0.7355769230769231 0.7235576923076923 0.21514423076923078 0.1875
3 0.8930288461538461 0.796875 0.21394230769230768 0.14182692307692307
3 0.5793269230769231 0.9290865384615384 0.6814903846153846 0.140625
3 0.15264423076923078 0.8954326923076923 0.30408653846153844 0.2091346153846154
3 0.23798076923076922 0.7175480769230769 0.1935096153846154 0.12980769230769232
3 0.07091346153846154 0.75 0.14182692307692307 0.07692307692307693
3 0.3401442307692308 0.7427884615384616 0.28365384615384615 0.22355769230769232