3 0.12379807692307693 0.9098557692307693 0.24759615384615385 0.18028846153846154
3 0.5396634615384616 0.8173076923076923 0.5985576923076923 0.36538461538461536
3 0.38100961538461536 0.5637019230769231 0.5168269230769231 0.1310096153846154
3 0.6514423076923077 0.4423076923076923 0.6201923076923077 0.10817307692307693
3 0.5564903846153846 0.36538461538461536 0.37259615384615385 0.040865384615384616
3 0.8653846153846154 0.34975961538461536 0.23076923076923078 0.06971153846153846
3 0.5793269230769231 0.20673076923076922 0.5120192307692307 0.24759615384615385
4 0.265625 0.3137019230769231 0.11177884615384616 0.11658653846153846
4 0.0985576923076923 0.06490384615384616 0.1971153846153846 0.12980769230769232
4 0.25961538461538464 0.036057692307692304 0.109375 0.055288461538461536
3 0.5456730769230769 0.43028846153846156 0.24879807692307693 0.11658653846153846
3 0.8677884615384616 0.3762019230769231 0.16466346153846154 0.09735576923076923
3 0.8762019230769231 0.5 0.18509615384615385 0.11177884615384616
3 0.8413461538461539 0.4831730769230769 0.3161057692307692 0.13701923076923078
3 0.6033653846153846 0.3545673076923077 0.265625 0.078125
3 0.10336538461538461 0.625 0.20552884615384615 0.21995192307692307
3 0.3389423076923077 0.15264423076923078 0.1814903846153846 0.1310096153846154
3 0.6442307692307693 0.17548076923076922 0.3629807692307692 0.1201923076923077
3 0.6850961538461539 0.27524038461538464 0.49038461538461536 0.13581730769230768