6 0.31490384615384615 0.9122596153846154 0.06971153846153846 0.09975961538461539
4 0.38461538461538464 0.9026442307692307 0.0889423076923077 0.052884615384615384
4 0.19230769230769232 0.875 0.16706730769230768 0.16346153846153846
4 0.09254807692307693 0.9723557692307693 0.1310096153846154 0.055288461538461536
4 0.6045673076923077 0.9158653846153846 0.11899038461538461 0.14302884615384615
4 0.6730769230769231 0.8737980769230769 0.17067307692307693 0.14423076923076922
4 0.9350961538461539 0.8233173076923077 0.12980769230769232 0.12139423076923077
4 0.9651442307692307 0.578125 0.06850961538461539 0.11778846153846154
4 0.9326923076923077 0.6502403846153846 0.0829326923076923 0.09735576923076923
4 0.9591346153846154 0.7331730769230769 0.08052884615384616 0.13341346153846154
4 0.7848557692307693 0.32091346153846156 0.052884615384615384 0.12259615384615384
4 0.5024038461538461 0.8557692307692307 0.20673076923076922 0.08774038461538461
4 0.7163461538461539 0.7451923076923077 0.16466346153846154 0.15985576923076922
4 0.6814903846153846 0.8173076923076923 0.22716346153846154 0.29927884615384615
4 0.9399038461538461 0.7211538461538461 0.1201923076923077 0.35096153846153844
4 0.5372596153846154 0.71875 0.08774038461538461 0.22355769230769232
4 0.203125 0.328125 0.0829326923076923 0.07211538461538461
4 0.19951923076923078 0.4375 0.109375 0.06850961538461539
4 0.20552884615384615 0.2283653846153846 0.0733173076923077 0.04567307692307692
4 0.31490384615384615 0.2439903846153846 0.0889423076923077 0.04567307692307692
4 0.05889423076923077 0.33774038461538464 0.11177884615384616 0.04927884615384615
4 0.056490384615384616 0.4807692307692308 0.08774038461538461 0.025240384615384616
3 0.5300480769230769 0.2668269230769231 0.08533653846153846 0.054086538461538464
3 0.4074519230769231 0.10096153846153846 0.11778846153846154 0.09254807692307693
4 0.43149038461538464 0.44711538461538464 0.08533653846153846 0.07091346153846154