3 0.25600961538461536 0.8978365384615384 0.23557692307692307 0.1466346153846154
3 0.6189903846153846 0.4579326923076923 0.13822115384615385 0.056490384615384616
3 0.6730769230769231 0.5204326923076923 0.5588942307692307 0.21394230769230768
3 0.8810096153846154 0.3858173076923077 0.23798076923076922 0.12139423076923077
3 0.7043269230769231 0.43509615384615385 0.4579326923076923 0.11177884615384616
3 0.3112980769230769 0.6021634615384616 0.125 0.1466346153846154
3 0.055288461538461536 0.38822115384615385 0.11057692307692307 0.08413461538461539
3 0.41466346153846156 0.6935096153846154 0.22115384615384615 0.11298076923076923
3 0.5480769230769231 0.6694711538461539 0.23918269230769232 0.36538461538461536
7 0.703125 0.35096153846153844 0.12980769230769232 0.0625
7 0.44350961538461536 0.7680288461538461 0.09014423076923077 0.06850961538461539
7 0.8737980769230769 0.9338942307692307 0.18509615384615385 0.13221153846153846