4 0.5360576923076923 0.3858173076923077 0.09495192307692307 0.054086538461538464
4 0.3545673076923077 0.40024038461538464 0.22355769230769232 0.028846153846153848
4 0.36177884615384615 0.3942307692307692 0.07932692307692307 0.04447115384615385
4 0.31009615384615385 0.3713942307692308 0.05889423076923077 0.08533653846153846
4 0.22115384615384615 0.38100961538461536 0.0673076923076923 0.06971153846153846
4 0.3870192307692308 0.36538461538461536 0.43028846153846156 0.10336538461538461
4 0.6875 0.53125 0.17908653846153846 0.2956730769230769
4 0.5865384615384616 0.484375 0.11658653846153846 0.0889423076923077
4 0.0733173076923077 0.4567307692307692 0.1466346153846154 0.12620192307692307
4 0.1814903846153846 0.44350961538461536 0.0985576923076923 0.11057692307692307
4 0.019230769230769232 0.3449519230769231 0.038461538461538464 0.026442307692307692
4 0.25841346153846156 0.49278846153846156 0.06129807692307692 0.03485576923076923
3 0.31490384615384615 0.4987980769230769 0.0733173076923077 0.036057692307692304
4 0.25 0.578125 0.1346153846153846 0.07692307692307693
4 0.4014423076923077 0.5276442307692307 0.15745192307692307 0.06850961538461539
4 0.3870192307692308 0.59375 0.1502403846153846 0.109375
4 0.4951923076923077 0.5877403846153846 0.11658653846153846 0.11778846153846154
4 0.5576923076923077 0.6129807692307693 0.08413461538461539 0.09615384615384616
4 0.6213942307692307 0.6670673076923077 0.10817307692307693 0.10096153846153846
4 0.7848557692307693 0.6382211538461539 0.10336538461538461 0.06370192307692307
4 0.8221153846153846 0.6466346153846154 0.11658653846153846 0.2608173076923077
4 0.9266826923076923 0.6911057692307693 0.1466346153846154 0.40384615384615385
4 0.9699519230769231 0.4639423076923077 0.05889423076923077 0.109375
4 0.33413461538461536 0.6899038461538461 0.19591346153846154 0.18028846153846154
4 0.21634615384615385 0.6466346153846154 0.109375 0.11057692307692307
4 0.5685096153846154 0.7379807692307693 0.21514423076923078 0.09375
4 0.4543269230769231 0.8786057692307693 0.47475961538461536 0.21754807692307693
4 0.4651442307692308 0.7980769230769231 0.26322115384615385 0.13341346153846154
4 0.13341346153846154 0.7403846153846154 0.2668269230769231 0.4735576923076923
4 0.3137019230769231 0.6442307692307693 0.47475961538461536 0.5
4 0.7548076923076923 0.5456730769230769 0.49038461538461536 0.3173076923076923