3 0.24158653846153846 0.8990384615384616 0.14423076923076922 0.13221153846153846
3 0.4326923076923077 0.6430288461538461 0.10576923076923077 0.1310096153846154
3 0.5360576923076923 0.6610576923076923 0.15384615384615385 0.11298076923076923
3 0.49038461538461536 0.6514423076923077 0.11298076923076923 0.10216346153846154
3 0.5745192307692307 0.671875 0.09975961538461539 0.10216346153846154
3 0.5865384615384616 0.9567307692307693 0.14783653846153846 0.08653846153846154
3 0.6538461538461539 0.21754807692307693 0.09375 0.2932692307692308
3 0.7259615384615384 0.20072115384615385 0.056490384615384616 0.2247596153846154
3 0.5649038461538461 0.25961538461538464 0.09375 0.2860576923076923
3 0.4951923076923077 0.28125 0.1346153846153846 0.33533653846153844
3 0.13581730769230768 0.47836538461538464 0.22115384615384615 0.34375
3 0.28846153846153844 0.09495192307692307 0.4266826923076923 0.18990384615384615