6 0.10336538461538461 0.5228365384615384 0.0985576923076923 0.17427884615384615
7 0.625 0.7536057692307693 0.45913461538461536 0.08774038461538461
7 0.40625 0.9110576923076923 0.703125 0.13942307692307693
6 0.7127403846153846 0.6502403846153846 0.13701923076923078 0.025240384615384616
4 0.8774038461538461 0.46033653846153844 0.14423076923076922 0.16947115384615385
4 0.040865384615384616 0.6850961538461539 0.06971153846153846 0.33653846153846156
4 0.9098557692307693 0.0673076923076923 0.1141826923076923 0.08774038461538461
4 0.5661057692307693 0.4423076923076923 0.03485576923076923 0.10096153846153846
4 0.3425480769230769 0.49038461538461536 0.06850961538461539 0.056490384615384616
4 0.6298076923076923 0.19230769230769232 0.15625 0.10817307692307693
4 0.36658653846153844 0.421875 0.5925480769230769 0.20432692307692307
4 0.8533653846153846 0.06610576923076923 0.2932692307692308 0.10336538461538461