6 0.8245192307692307 0.5492788461538461 0.07572115384615384 0.027644230769230768
6 0.8882211538461539 0.5324519230769231 0.06850961538461539 0.03365384615384615
6 0.18028846153846154 0.4651442307692308 0.12259615384615384 0.09254807692307693
7 0.23557692307692307 0.6574519230769231 0.13942307692307693 0.1141826923076923
7 0.24759615384615385 0.9290865384615384 0.10817307692307693 0.052884615384615384
7 0.7992788461538461 0.5432692307692307 0.234375 0.0673076923076923
7 0.11658653846153846 0.11899038461538461 0.23317307692307693 0.07091346153846154
6 0.19951923076923078 0.04567307692307692 0.23076923076923078 0.09134615384615384
6 0.8846153846153846 0.8449519230769231 0.22956730769230768 0.3088942307692308
4 0.8088942307692307 0.17307692307692307 0.16466346153846154 0.1875
4 0.6790865384615384 0.15985576923076922 0.0889423076923077 0.1971153846153846
7 0.10697115384615384 0.8401442307692307 0.21394230769230768 0.23197115384615385
7 0.039663461538461536 0.5552884615384616 0.06370192307692307 0.13341346153846154
6 0.9603365384615384 0.4987980769230769 0.07932692307692307 0.06971153846153846
7 0.9639423076923077 0.41346153846153844 0.07211538461538461 0.02403846153846154
7 0.9723557692307693 0.36899038461538464 0.054086538461538464 0.021634615384615384
7 0.9627403846153846 0.453125 0.0733173076923077 0.04567307692307692
7 0.27163461538461536 0.5072115384615384 0.11778846153846154 0.040865384615384616