3 0.6201923076923077 0.19591346153846154 0.13822115384615385 0.15985576923076922
3 0.3269230769230769 0.7307692307692307 0.22596153846153846 0.1658653846153846
3 0.4675480769230769 0.12740384615384615 0.15144230769230768 0.09735576923076923
3 0.609375 0.5216346153846154 0.32211538461538464 0.21995192307692307
3 0.6346153846153846 0.8677884615384616 0.3076923076923077 0.18389423076923078
3 0.1310096153846154 0.8389423076923077 0.2620192307692308 0.26322115384615385
3 0.34975961538461536 0.6069711538461539 0.25600961538461536 0.11177884615384616
3 0.12620192307692307 0.4098557692307692 0.25240384615384615 0.16105769230769232
3 0.8365384615384616 0.10697115384615384 0.3269230769230769 0.20192307692307693
3 0.9447115384615384 0.7427884615384616 0.10576923076923077 0.5144230769230769
3 0.9302884615384616 0.3894230769230769 0.13942307692307693 0.16706730769230768
3 0.6850961538461539 0.7283653846153846 0.1466346153846154 0.0733173076923077
3 0.5588942307692307 0.6706730769230769 0.16346153846153846 0.05889423076923077
3 0.14182692307692307 0.6129807692307693 0.171875 0.140625