7 0.5588942307692307 0.8834134615384616 0.2848557692307692 0.23197115384615385
2 0.8040865384615384 0.7463942307692307 0.20432692307692307 0.23317307692307693
7 0.9098557692307693 0.90625 0.18028846153846154 0.18629807692307693
4 0.17427884615384615 0.6165865384615384 0.3473557692307692 0.3317307692307692
3 0.19110576923076922 0.8894230769230769 0.2644230769230769 0.22115384615384615
2 0.14903846153846154 0.39783653846153844 0.2980769230769231 0.2536057692307692
4 0.6622596153846154 0.2644230769230769 0.15865384615384615 0.16947115384615385
6 0.7752403846153846 0.33774038461538464 0.11057692307692307 0.11538461538461539
4 0.7163461538461539 0.3581730769230769 0.24158653846153846 0.14182692307692307
4 0.9675480769230769 0.4098557692307692 0.06490384615384616 0.078125
4 0.9230769230769231 0.44711538461538464 0.15384615384615385 0.17307692307692307
4 0.7319711538461539 0.4963942307692308 0.09014423076923077 0.09254807692307693
4 0.7055288461538461 0.578125 0.18028846153846154 0.16706730769230768
4 0.8088942307692307 0.13341346153846154 0.3245192307692308 0.26322115384615385
4 0.20673076923076922 0.13341346153846154 0.24278846153846154 0.203125
4 0.49158653846153844 0.1201923076923077 0.4026442307692308 0.18509615384615385
4 0.546875 0.38822115384615385 0.2439903846153846 0.21153846153846154
7 0.46153846153846156 0.44350961538461536 0.31009615384615385 0.3389423076923077
6 0.5817307692307693 0.7524038461538461 0.21394230769230768 0.11057692307692307