3 0.11177884615384616 0.2403846153846154 0.22355769230769232 0.125
3 0.47836538461538464 0.8882211538461539 0.057692307692307696 0.06610576923076923
4 0.7403846153846154 0.8870192307692307 0.14302884615384615 0.17668269230769232
3 0.5492788461538461 0.31009615384615385 0.18269230769230768 0.12980769230769232
3 0.8882211538461539 0.34975961538461536 0.22355769230769232 0.2980769230769231
4 0.3918269230769231 0.33413461538461536 0.11177884615384616 0.18269230769230768
4 0.7800480769230769 0.057692307692307696 0.22235576923076922 0.1141826923076923
4 0.5637019230769231 0.4375 0.21033653846153846 0.12139423076923077
4 0.7199519230769231 0.2932692307692308 0.10336538461538461 0.13701923076923078
3 0.9819711538461539 0.8762019230769231 0.036057692307692304 0.14182692307692307
4 0.109375 0.4254807692307692 0.21875 0.13942307692307693
4 0.5012019230769231 0.17668269230769232 0.140625 0.11177884615384616
3 0.6346153846153846 0.22716346153846154 0.1201923076923077 0.07451923076923077
4 0.5180288461538461 0.7163461538461539 0.14543269230769232 0.0673076923076923