6 0.5372596153846154 0.5769230769230769 0.13701923076923078 0.10096153846153846
7 0.7355769230769231 0.11899038461538461 0.30528846153846156 0.16826923076923078
6 0.40865384615384615 0.5384615384615384 0.026442307692307692 0.10336538461538461
6 0.5516826923076923 0.3293269230769231 0.06850961538461539 0.0889423076923077
6 0.9254807692307693 0.22716346153846154 0.0733173076923077 0.10336538461538461
4 0.0673076923076923 0.11298076923076923 0.12980769230769232 0.11778846153846154
4 0.1310096153846154 0.08653846153846154 0.11057692307692307 0.11057692307692307
4 0.1346153846153846 0.11899038461538461 0.26802884615384615 0.18870192307692307
7 0.46153846153846156 0.21634615384615385 0.25721153846153844 0.15264423076923078
7 0.43990384615384615 0.18509615384615385 0.1778846153846154 0.13341346153846154
7 0.38461538461538464 0.5925480769230769 0.45913461538461536 0.23557692307692307
7 0.3485576923076923 0.5841346153846154 0.2247596153846154 0.12259615384615384
7 0.1658653846153846 0.6346153846153846 0.265625 0.35096153846153844
7 0.2403846153846154 0.5673076923076923 0.2512019230769231 0.38822115384615385
7 0.2956730769230769 0.390625 0.2800480769230769 0.15745192307692307
7 0.4483173076923077 0.37740384615384615 0.15264423076923078 0.16706730769230768
7 0.6189903846153846 0.3641826923076923 0.3245192307692308 0.22355769230769232
7 0.8293269230769231 0.3485576923076923 0.17908653846153846 0.09495192307692307
7 0.8581730769230769 0.5168269230769231 0.28125 0.21754807692307693
7 0.9543269230769231 0.48197115384615385 0.09134615384615384 0.1658653846153846
7 0.7163461538461539 0.5612980769230769 0.2824519230769231 0.1971153846153846
7 0.8485576923076923 0.6213942307692307 0.3016826923076923 0.11538461538461539
7 0.6634615384615384 0.140625 0.16826923076923078 0.09615384615384616
7 0.203125 0.2980769230769231 0.4050480769230769 0.16466346153846154
7 0.07211538461538461 0.375 0.14302884615384615 0.12740384615384615
7 0.9675480769230769 0.24519230769230768 0.06490384615384616 0.11538461538461539
7 0.8894230769230769 0.36899038461538464 0.10817307692307693 0.08774038461538461