3 0.29447115384615385 0.5084134615384616 0.40024038461538464 0.14783653846153846
4 0.3894230769230769 0.7043269230769231 0.3581730769230769 0.1502403846153846
4 0.5877403846153846 0.5685096153846154 0.16105769230769232 0.07932692307692307
4 0.75 0.6045673076923077 0.25240384615384615 0.0673076923076923
4 0.7355769230769231 0.5576923076923077 0.12980769230769232 0.08173076923076923
4 0.8966346153846154 0.6370192307692307 0.12259615384615384 0.05048076923076923
4 0.8293269230769231 0.7055288461538461 0.29447115384615385 0.16466346153846154
4 0.7512019230769231 0.6442307692307693 0.46153846153846156 0.2932692307692308
4 0.23197115384615385 0.6646634615384616 0.18629807692307693 0.12620192307692307
4 0.4699519230769231 0.7211538461538461 0.2283653846153846 0.11177884615384616
4 0.07572115384615384 0.8521634615384616 0.15144230769230768 0.23076923076923078
3 0.5384615384615384 0.9002403846153846 0.6225961538461539 0.19951923076923078
3 0.0625 0.6201923076923077 0.125 0.1141826923076923