4 0.7608173076923077 0.3557692307692308 0.4338942307692308 0.1658653846153846
4 0.8689903846153846 0.5060096153846154 0.13822115384615385 0.10697115384615384
4 0.7319711538461539 0.5120192307692307 0.13581730769230768 0.10817307692307693
4 0.5733173076923077 0.5180288461538461 0.1310096153846154 0.11778846153846154
4 0.4254807692307692 0.5204326923076923 0.09615384615384616 0.0829326923076923
4 0.4014423076923077 0.6598557692307693 0.21394230769230768 0.10576923076923077
4 0.6634615384615384 0.6526442307692307 0.15504807692307693 0.09735576923076923
4 0.3137019230769231 0.8028846153846154 0.18269230769230768 0.08653846153846154
4 0.13822115384615385 0.6574519230769231 0.140625 0.09495192307692307
4 0.026442307692307692 0.6634615384615384 0.052884615384615384 0.11538461538461539
4 0.25240384615384615 0.9098557692307693 0.2668269230769231 0.13942307692307693
4 0.6129807692307693 0.9459134615384616 0.2860576923076923 0.10697115384615384
4 0.9002403846153846 0.8822115384615384 0.1622596153846154 0.22596153846153846
4 0.24278846153846154 0.7475961538461539 0.3173076923076923 0.14302884615384615
4 0.3870192307692308 0.5805288461538461 0.3112980769230769 0.1346153846153846
4 0.5372596153846154 0.46634615384615385 0.2127403846153846 0.10697115384615384
4 0.41466346153846156 0.49278846153846156 0.21394230769230768 0.15264423076923078
3 0.7475961538461539 0.6814903846153846 0.2512019230769231 0.1622596153846154
3 0.5324519230769231 0.8533653846153846 0.19110576923076922 0.14302884615384615
3 0.9134615384615384 0.4543269230769231 0.17307692307692307 0.1778846153846154