7 0.546875 0.8137019230769231 0.5865384615384616 0.24278846153846154
7 0.8942307692307693 0.7728365384615384 0.21153846153846154 0.2644230769230769
7 0.12740384615384615 0.7668269230769231 0.2548076923076923 0.28365384615384615
7 0.5 0.7704326923076923 0.9987980769230769 0.3329326923076923
7 0.15625 0.6237980769230769 0.16947115384615385 0.12259615384615384
7 0.2932692307692308 0.4495192307692308 0.2548076923076923 0.21754807692307693
7 0.38461538461538464 0.19831730769230768 0.23076923076923078 0.21634615384615385
7 0.6213942307692307 0.14182692307692307 0.2668269230769231 0.20793269230769232
7 0.8834134615384616 0.12980769230769232 0.23317307692307693 0.25961538461538464
7 0.609375 0.13581730769230768 0.78125 0.27163461538461536
7 0.5 0.7764423076923077 1 0.3798076923076923
7 0.5144230769230769 0.4375 0.21754807692307693 0.19110576923076922
7 0.8966346153846154 0.3942307692307692 0.16105769230769232 0.171875
4 0.11057692307692307 0.5072115384615384 0.20793269230769232 0.16346153846153846
4 0.33533653846153844 0.6129807692307693 0.234375 0.14543269230769232
4 0.5552884615384616 0.640625 0.2824519230769231 0.13581730769230768
4 0.8076923076923077 0.6081730769230769 0.17427884615384615 0.09615384615384616
4 0.9387019230769231 0.7043269230769231 0.12139423076923077 0.08774038461538461
4 0.7235576923076923 0.4338942307692308 0.05889423076923077 0.12259615384615384
3 0.640625 0.3605769230769231 0.23076923076923078 0.15504807692307693
3 0.8930288461538461 0.4026442307692308 0.21394230769230768 0.2127403846153846
4 0.7716346153846154 0.3918269230769231 0.12379807692307693 0.109375
4 0.5204326923076923 0.41947115384615385 0.21514423076923078 0.1310096153846154
4 0.6358173076923077 0.09495192307692307 0.2620192307692308 0.109375
4 0.125 0.13701923076923078 0.25 0.16947115384615385
4 0.12620192307692307 0.33533653846153844 0.18269230769230768 0.19591346153846154
4 0.10216346153846154 0.7487980769230769 0.20432692307692307 0.265625
6 0.21875 0.890625 0.08533653846153846 0.1502403846153846