4 0.4651442307692308 0.7163461538461539 0.29927884615384615 0.171875
3 0.3713942307692308 0.9002403846153846 0.4266826923076923 0.19831730769230768
4 0.45552884615384615 0.5877403846153846 0.1141826923076923 0.07451923076923077
3 0.7548076923076923 0.25841346153846156 0.2848557692307692 0.21394230769230768
4 0.0985576923076923 0.5180288461538461 0.09134615384615384 0.17427884615384615
4 0.18509615384615385 0.43990384615384615 0.08173076923076923 0.11298076923076923
4 0.2764423076923077 0.4987980769230769 0.04326923076923077 0.08052884615384616
3 0.7259615384615384 0.8100961538461539 0.2764423076923077 0.16466346153846154
4 0.09615384615384616 0.6382211538461539 0.19230769230769232 0.12740384615384615
3 0.5072115384615384 0.3329326923076923 0.24158653846153846 0.328125
3 0.7872596153846154 0.34975961538461536 0.2932692307692308 0.4699519230769231