7 0.5228365384615384 0.4338942307692308 0.24278846153846154 0.09014423076923077
4 0.19471153846153846 0.7932692307692307 0.38461538461538464 0.2620192307692308
7 0.10697115384615384 0.28966346153846156 0.2127403846153846 0.16706730769230768
7 0.25841346153846156 0.4795673076923077 0.2091346153846154 0.10096153846153846
7 0.18269230769230768 0.47475961538461536 0.36538461538461536 0.13341346153846154
7 0.2776442307692308 0.41225961538461536 0.24879807692307693 0.20793269230769232
7 0.9002403846153846 0.3894230769230769 0.19951923076923078 0.08653846153846154
7 0.84375 0.4026442307692308 0.10817307692307693 0.09375
7 0.5360576923076923 0.27524038461538464 0.26802884615384615 0.078125
6 0.90625 0.8834134615384616 0.18629807692307693 0.21995192307692307
4 0.953125 0.7764423076923077 0.09375 0.3004807692307692
7 0.7415865384615384 0.30528846153846156 0.16346153846153846 0.1201923076923077
3 0.8461538461538461 0.13942307692307693 0.22596153846153846 0.1310096153846154
4 0.19471153846153846 0.6574519230769231 0.3894230769230769 0.21394230769230768
7 0.18269230769230768 0.296875 0.36538461538461536 0.4831730769230769
4 0.203125 0.7800480769230769 0.40625 0.43509615384615385
4 0.6802884615384616 0.19831730769230768 0.08653846153846154 0.16947115384615385
4 0.24639423076923078 0.23798076923076922 0.17067307692307693 0.17908653846153846