3 0.09375 0.5612980769230769 0.1875 0.21394230769230768
3 0.3485576923076923 0.6358173076923077 0.25721153846153844 0.15504807692307693
3 0.29927884615384615 0.6165865384615384 0.3557692307692308 0.19110576923076922
3 0.20192307692307693 0.5817307692307693 0.12379807692307693 0.08413461538461539
7 0.6033653846153846 0.7512019230769231 0.4495192307692308 0.26322115384615385
7 0.5973557692307693 0.7271634615384616 0.21514423076923078 0.15865384615384615
7 0.7848557692307693 0.6694711538461539 0.2127403846153846 0.1346153846153846
7 0.5564903846153846 0.5961538461538461 0.1814903846153846 0.09495192307692307
7 0.15625 0.6887019230769231 0.19110576923076922 0.10216346153846154
7 0.14423076923076922 0.8425480769230769 0.28846153846153844 0.18990384615384615
7 0.20673076923076922 0.9338942307692307 0.19230769230769232 0.13221153846153846
7 0.15985576923076922 0.8629807692307693 0.31850961538461536 0.27283653846153844
4 0.34975961538461536 0.8365384615384616 0.10576923076923077 0.08173076923076923
3 0.3701923076923077 0.8665865384615384 0.36177884615384615 0.265625
4 0.17067307692307693 0.47115384615384615 0.1778846153846154 0.1778846153846154
7 0.28966346153846156 0.5360576923076923 0.15144230769230768 0.12259615384615384
6 0.6418269230769231 0.3233173076923077 0.08653846153846154 0.05889423076923077
6 0.6862980769230769 0.31850961538461536 0.14783653846153846 0.10576923076923077
6 0.6370192307692307 0.32211538461538464 0.18870192307692307 0.08653846153846154
4 0.8882211538461539 0.3125 0.22235576923076922 0.1502403846153846
4 0.8798076923076923 0.453125 0.234375 0.1346153846153846
4 0.8665865384615384 0.0829326923076923 0.1814903846153846 0.08533653846153846
4 0.35697115384615385 0.3016826923076923 0.10216346153846154 0.0733173076923077
7 0.5997596153846154 0.33052884615384615 0.11057692307692307 0.04567307692307692
4 0.43028846153846156 0.6117788461538461 0.24278846153846154 0.1466346153846154
7 0.29927884615384615 0.5012019230769231 0.16346153846153846 0.1502403846153846
3 0.24278846153846154 0.5865384615384616 0.484375 0.26322115384615385
7 0.5192307692307693 0.7764423076923077 0.40865384615384615 0.15985576923076922
4 0.5612980769230769 0.8509615384615384 0.20673076923076922 0.22115384615384615
3 0.8389423076923077 0.7800480769230769 0.32211538461538464 0.43990384615384615
4 0.32572115384615385 0.04927884615384615 0.1466346153846154 0.07451923076923077
4 0.515625 0.04447115384615385 0.10336538461538461 0.0829326923076923
4 0.9050480769230769 0.056490384615384616 0.18990384615384615 0.11177884615384616