7 0.6862980769230769 0.7067307692307693 0.6262019230769231 0.546875
7 0.5048076923076923 0.5492788461538461 0.30649038461538464 0.2512019230769231
7 0.7367788461538461 0.7439903846153846 0.5252403846153846 0.40865384615384615
7 0.875 0.859375 0.24519230769230768 0.28125
7 0.3088942307692308 0.8882211538461539 0.3942307692307692 0.1814903846153846
7 0.08653846153846154 0.6526442307692307 0.171875 0.19951923076923078
7 0.4495192307692308 0.6694711538461539 0.23076923076923078 0.32211538461538464
7 0.29927884615384615 0.5841346153846154 0.234375 0.14182692307692307
7 0.7848557692307693 0.4639423076923077 0.14423076923076922 0.14543269230769232
6 0.18990384615384615 0.8521634615384616 0.3786057692307692 0.22716346153846154
3 0.8533653846153846 0.2536057692307692 0.2283653846153846 0.17067307692307693
3 0.12860576923076922 0.057692307692307696 0.25721153846153844 0.1141826923076923
4 0.4795673076923077 0.2644230769230769 0.16947115384615385 0.17668269230769232
4 0.39663461538461536 0.17427884615384615 0.16826923076923078 0.17307692307692307
4 0.25841346153846156 0.17908653846153846 0.23557692307692307 0.23076923076923078
4 0.4495192307692308 0.38100961538461536 0.22956730769230768 0.19110576923076922
4 0.5336538461538461 0.09375 0.2403846153846154 0.18629807692307693
4 0.4567307692307692 0.1045673076923077 0.19110576923076922 0.07932692307692307
4 0.5853365384615384 0.109375 0.14903846153846154 0.11538461538461539
4 0.421875 0.046875 0.16947115384615385 0.0889423076923077
4 0.4891826923076923 0.04807692307692308 0.18629807692307693 0.08413461538461539
4 0.3918269230769231 0.17427884615384615 0.5096153846153846 0.25721153846153844
4 0.6213942307692307 0.23076923076923078 0.19591346153846154 0.18269230769230768
4 0.9375 0.39783653846153844 0.125 0.1875
4 0.7956730769230769 0.3786057692307692 0.2980769230769231 0.11538461538461539
4 0.3425480769230769 0.3858173076923077 0.11899038461538461 0.15504807692307693
4 0.6153846153846154 0.90625 0.27163461538461536 0.15144230769230768
4 0.09615384615384616 0.25600961538461536 0.18629807692307693 0.12379807692307693
4 0.36177884615384615 0.2403846153846154 0.6586538461538461 0.19110576923076922
4 0.5252403846153846 0.30649038461538464 0.4651442307692308 0.2860576923076923
4 0.4651442307692308 0.14182692307692307 0.3701923076923077 0.27163461538461536
4 0.8137019230769231 0.41586538461538464 0.35216346153846156 0.20192307692307693
7 0.8329326923076923 0.037259615384615384 0.15985576923076922 0.0733173076923077
7 0.8822115384615384 0.8665865384615384 0.23557692307692307 0.2668269230769231
7 0.9050480769230769 0.9134615384615384 0.18509615384615385 0.17307692307692307
7 0.6057692307692307 0.6814903846153846 0.27163461538461536 0.25721153846153844
7 0.4579326923076923 0.65625 0.2980769230769231 0.29927884615384615
7 0.6550480769230769 0.5084134615384616 0.640625 0.21153846153846154
7 0.671875 0.6081730769230769 0.6382211538461539 0.38461538461538464
4 0.2704326923076923 0.5793269230769231 0.23798076923076922 0.20432692307692307
4 0.25961538461538464 0.6971153846153846 0.21514423076923078 0.13942307692307693
4 0.13221153846153846 0.6274038461538461 0.2439903846153846 0.140625
4 0.18509615384615385 0.6201923076923077 0.3701923076923077 0.20673076923076922
4 0.5841346153846154 0.8954326923076923 0.20072115384615385 0.15625
4 0.19591346153846154 0.14302884615384615 0.3918269230769231 0.2860576923076923
4 0.10336538461538461 0.078125 0.20552884615384615 0.15625