3 0.6947115384615384 0.8221153846153846 0.19951923076923078 0.125
4 0.8713942307692307 0.9399038461538461 0.25721153846153844 0.11538461538461539
7 0.5492788461538461 0.765625 0.12139423076923077 0.05889423076923077
7 0.5528846153846154 0.7163461538461539 0.09254807692307693 0.056490384615384616
7 0.359375 0.9146634615384616 0.11057692307692307 0.08774038461538461
7 0.9362980769230769 0.8870192307692307 0.12379807692307693 0.10096153846153846
7 0.8149038461538461 0.8521634615384616 0.0625 0.056490384615384616
4 0.20432692307692307 0.859375 0.12860576923076922 0.07451923076923077
6 0.5540865384615384 0.6682692307692307 0.0889423076923077 0.0625
6 0.5865384615384616 0.6177884615384616 0.12980769230769232 0.12980769230769232
4 0.8317307692307693 0.9170673076923077 0.171875 0.07572115384615384
4 0.9495192307692307 0.9326923076923077 0.10096153846153846 0.09735576923076923
4 0.8629807692307693 0.9759615384615384 0.14903846153846154 0.04807692307692308
6 0.5036057692307693 0.6442307692307693 0.06971153846153846 0.1045673076923077