3 0.13581730769230768 0.2127403846153846 0.14302884615384615 0.421875
4 0.41947115384615385 0.6899038461538461 0.3389423076923077 0.2932692307692308
4 0.7259615384615384 0.7319711538461539 0.21514423076923078 0.16706730769230768
4 0.8762019230769231 0.9110576923076923 0.18629807692307693 0.14182692307692307
4 0.4735576923076923 0.9471153846153846 0.22115384615384615 0.10576923076923077
4 0.15504807692307693 0.6117788461538461 0.1502403846153846 0.21634615384615385
4 0.5733173076923077 0.17668269230769232 0.6742788461538461 0.3125
3 0.8461538461538461 0.08052884615384616 0.15865384615384615 0.15985576923076922
3 0.9362980769230769 0.6225961538461539 0.12740384615384615 0.23317307692307693
3 0.9411057692307693 0.39783653846153844 0.11658653846153846 0.26322115384615385
3 0.4411057692307692 0.5252403846153846 0.21514423076923078 0.23798076923076922
3 0.13341346153846154 0.5949519230769231 0.21394230769230768 0.2620192307692308