3 0.6862980769230769 0.8389423076923077 0.47836538461538464 0.32091346153846156
3 0.3173076923076923 0.3545673076923077 0.23317307692307693 0.15985576923076922
3 0.7043269230769231 0.41586538461538464 0.17668269230769232 0.18389423076923078
3 0.47115384615384615 0.30649038461538464 0.1875 0.125
3 0.38461538461538464 0.3269230769230769 0.3545673076923077 0.19110576923076922
3 0.9555288461538461 0.6358173076923077 0.0889423076923077 0.22355769230769232
3 0.10817307692307693 0.9639423076923077 0.1310096153846154 0.07091346153846154
3 0.25600961538461536 0.9819711538461539 0.15504807692307693 0.036057692307692304
3 0.08774038461538461 0.18269230769230768 0.17548076923076922 0.27403846153846156
4 0.09735576923076923 0.24639423076923078 0.19471153846153846 0.28846153846153844
4 0.6887019230769231 0.25841346153846156 0.11778846153846154 0.21634615384615385
4 0.6838942307692307 0.18509615384615385 0.07932692307692307 0.09495192307692307
4 0.8798076923076923 0.9615384615384616 0.10216346153846154 0.07692307692307693
3 0.21634615384615385 0.9146634615384616 0.2824519230769231 0.15865384615384615
4 0.1935096153846154 0.9411057692307693 0.3858173076923077 0.11778846153846154
4 0.028846153846153848 0.9447115384615384 0.057692307692307696 0.09134615384615384
4 0.26802884615384615 0.9759615384615384 0.15144230769230768 0.04807692307692308
4 0.6237980769230769 0.43509615384615385 0.12740384615384615 0.11298076923076923
4 0.7331730769230769 0.5817307692307693 0.078125 0.09014423076923077