4 0.43990384615384615 0.8389423076923077 0.3942307692307692 0.32211538461538464
4 0.12860576923076922 0.8293269230769231 0.25721153846153844 0.3401442307692308
4 0.8725961538461539 0.8521634615384616 0.2548076923076923 0.2956730769230769
4 0.49759615384615385 0.8341346153846154 0.9951923076923077 0.3317307692307692
4 0.7223557692307693 0.8665865384615384 0.15865384615384615 0.20432692307692307
6 0.9459134615384616 0.46033653846153844 0.0985576923076923 0.2439903846153846
4 0.46153846153846156 0.1310096153846154 0.20673076923076922 0.1778846153846154
3 0.09254807692307693 0.8605769230769231 0.1658653846153846 0.09495192307692307
3 0.17908653846153846 0.6598557692307693 0.17067307692307693 0.10336538461538461
3 0.30288461538461536 0.5612980769230769 0.12620192307692307 0.171875
3 0.7331730769230769 0.7127403846153846 0.12139423076923077 0.08774038461538461
3 0.7572115384615384 0.6213942307692307 0.15144230769230768 0.09615384615384616
3 0.7331730769230769 0.5456730769230769 0.15384615384615385 0.11298076923076923
3 0.6730769230769231 0.5637019230769231 0.11057692307692307 0.09495192307692307
3 0.8689903846153846 0.6129807692307693 0.09254807692307693 0.078125
3 0.875 0.5805288461538461 0.1622596153846154 0.1622596153846154
3 0.8786057692307693 0.5480769230769231 0.10216346153846154 0.09134615384615384
3 0.9326923076923077 0.6129807692307693 0.109375 0.10697115384615384
3 0.5072115384615384 0.6081730769230769 0.1466346153846154 0.14423076923076922
3 0.46875 0.46033653846153844 0.16346153846153846 0.17668269230769232
3 0.28846153846153844 0.4326923076923077 0.11899038461538461 0.09615384615384616
3 0.19110576923076922 0.4567307692307692 0.1141826923076923 0.09975961538461539
3 0.18509615384615385 0.546875 0.15144230769230768 0.1201923076923077
3 0.2692307692307692 0.33413461538461536 0.12139423076923077 0.1201923076923077
3 0.3473557692307692 0.25 0.07211538461538461 0.1310096153846154
3 0.30288461538461536 0.23317307692307693 0.12259615384615384 0.1778846153846154
3 0.33413461538461536 0.13822115384615385 0.13822115384615385 0.13701923076923078
3 0.5817307692307693 0.2548076923076923 0.15264423076923078 0.1502403846153846
3 0.6838942307692307 0.4230769230769231 0.11177884615384616 0.13221153846153846
3 0.6334134615384616 0.38341346153846156 0.1045673076923077 0.0733173076923077
3 0.6057692307692307 0.38461538461538464 0.11538461538461539 0.17548076923076922
3 0.7764423076923077 0.5480769230769231 0.2620192307692308 0.25841346153846156
3 0.23197115384615385 0.5252403846153846 0.24759615384615385 0.3088942307692308
3 0.7211538461538461 0.8413461538461539 0.1141826923076923 0.20552884615384615
3 0.9086538461538461 0.6826923076923077 0.1814903846153846 0.16466346153846154
3 0.59375 0.24639423076923078 0.12620192307692307 0.15384615384615385
3 0.34975961538461536 0.125 0.07692307692307693 0.21754807692307693
3 0.29927884615384615 0.32091346153846156 0.08653846153846154 0.38822115384615385
3 0.30408653846153844 0.40865384615384615 0.10096153846153846 0.5036057692307693
3 0.7355769230769231 0.5685096153846154 0.1502403846153846 0.25
3 0.2608173076923077 0.7043269230769231 0.08413461538461539 0.4411057692307692
3 0.5096153846153846 0.22596153846153846 0.08173076923076923 0.1045673076923077
3 0.39783653846153844 0.20793269230769232 0.06490384615384616 0.125
3 0.5024038461538461 0.5961538461538461 0.09615384615384616 0.12980769230769232
3 0.25961538461538464 0.8401442307692307 0.06850961538461539 0.14302884615384615