6 0.46153846153846156 0.8125 0.042067307692307696 0.08653846153846154
6 0.8389423076923077 0.5709134615384616 0.14302884615384615 0.11778846153846154
6 0.8137019230769231 0.5985576923076923 0.09375 0.08052884615384616
6 0.5492788461538461 0.6225961538461539 0.15745192307692307 0.0733173076923077
6 0.030048076923076924 0.48197115384615385 0.054086538461538464 0.12379807692307693
6 0.09134615384615384 0.484375 0.06009615384615385 0.125
6 0.15384615384615385 0.4723557692307692 0.054086538461538464 0.10576923076923077
6 0.3161057692307692 0.4807692307692308 0.08173076923076923 0.09014423076923077
6 0.3870192307692308 0.4831730769230769 0.09735576923076923 0.07692307692307693
6 0.4831730769230769 0.4495192307692308 0.054086538461538464 0.10817307692307693
6 0.13822115384615385 0.8233173076923077 0.06490384615384616 0.10697115384615384
6 0.12259615384615384 0.28846153846153844 0.05889423076923077 0.08774038461538461
6 0.6670673076923077 0.8076923076923077 0.08533653846153846 0.07572115384615384
4 0.07451923076923077 0.33653846153846156 0.14783653846153846 0.13581730769230768
4 0.9459134615384616 0.5204326923076923 0.08413461538461539 0.051682692307692304
2 0.9002403846153846 0.6622596153846154 0.10096153846153846 0.171875
2 0.23798076923076922 0.5252403846153846 0.0985576923076923 0.18269230769230768
7 0.03365384615384615 0.6322115384615384 0.06610576923076923 0.18509615384615385
7 0.030048076923076924 0.7415865384615384 0.05889423076923077 0.1201923076923077
7 0.057692307692307696 0.8137019230769231 0.11538461538461539 0.17067307692307693
7 0.10817307692307693 0.6754807692307693 0.11658653846153846 0.125
7 0.21634615384615385 0.6538461538461539 0.12860576923076922 0.11778846153846154
7 0.31971153846153844 0.6658653846153846 0.10336538461538461 0.078125
7 0.5721153846153846 0.8173076923076923 0.1310096153846154 0.16826923076923078
7 0.6057692307692307 0.5973557692307693 0.19951923076923078 0.15144230769230768
7 0.7091346153846154 0.6057692307692307 0.13701923076923078 0.14182692307692307
7 0.9483173076923077 0.6165865384615384 0.10336538461538461 0.15384615384615385
7 0.5552884615384616 0.8569711538461539 0.10817307692307693 0.09134615384615384
4 0.8858173076923077 0.8737980769230769 0.2283653846153846 0.24759615384615385