3 0.42427884615384615 0.6310096153846154 0.8485576923076923 0.3581730769230769
4 0.5805288461538461 0.18629807692307693 0.8377403846153846 0.1778846153846154
3 0.09014423076923077 0.15985576923076922 0.18028846153846154 0.19471153846153846
3 0.40024038461538464 0.5961538461538461 0.8004807692307693 0.3016826923076923
3 0.7680288461538461 0.7992788461538461 0.34975961538461536 0.22235576923076922
3 0.3858173076923077 0.9170673076923077 0.39663461538461536 0.1658653846153846
3 0.9375 0.8774038461538461 0.1201923076923077 0.24519230769230768
3 0.796875 0.3233173076923077 0.31850961538461536 0.2860576923076923
3 0.6754807692307693 0.4326923076923077 0.6478365384615384 0.17307692307692307
4 0.9026442307692307 0.18028846153846154 0.19471153846153846 0.30288461538461536
3 0.9459134615384616 0.23677884615384615 0.10697115384615384 0.2512019230769231