2 0.9278846153846154 0.7824519230769231 0.0625 0.09375
2 0.7908653846153846 0.2860576923076923 0.12259615384615384 0.1141826923076923
4 0.1466346153846154 0.7307692307692307 0.25240384615384615 0.20793269230769232
3 0.4831730769230769 0.30408653846153844 0.14783653846153846 0.18990384615384615
3 0.5853365384615384 0.20552884615384615 0.11538461538461539 0.3485576923076923
3 0.17307692307692307 0.7860576923076923 0.1346153846153846 0.09254807692307693
3 0.09254807692307693 0.6454326923076923 0.1310096153846154 0.0985576923076923
3 0.44471153846153844 0.42788461538461536 0.13581730769230768 0.12620192307692307
4 0.5216346153846154 0.7463942307692307 0.2512019230769231 0.1201923076923077
4 0.7091346153846154 0.7740384615384616 0.09014423076923077 0.06129807692307692
4 0.27884615384615385 0.43990384615384615 0.2127403846153846 0.11658653846153846
4 0.46153846153846156 0.11177884615384616 0.15504807692307693 0.12620192307692307