4 0.40865384615384615 0.8257211538461539 0.0625 0.07572115384615384
4 0.35336538461538464 0.8245192307692307 0.10576923076923077 0.125
4 0.38341346153846156 0.8305288461538461 0.12620192307692307 0.12139423076923077
4 0.2932692307692308 0.7932692307692307 0.10216346153846154 0.13942307692307693
4 0.1875 0.828125 0.25721153846153844 0.15264423076923078
4 0.2608173076923077 0.8449519230769231 0.4026442307692308 0.25600961538461536
4 0.4519230769230769 0.19831730769230768 0.07692307692307693 0.16105769230769232
4 0.19591346153846154 0.6514423076923077 0.20432692307692307 0.07451923076923077
4 0.23677884615384615 0.65625 0.10336538461538461 0.052884615384615384
4 0.14302884615384615 0.6442307692307693 0.09254807692307693 0.04927884615384615
3 0.22716346153846154 0.5144230769230769 0.4266826923076923 0.48197115384615385
3 0.25721153846153844 0.35336538461538464 0.14543269230769232 0.15745192307692307
3 0.2800480769230769 0.4831730769230769 0.1502403846153846 0.1658653846153846
3 0.39663461538461536 0.4699519230769231 0.13341346153846154 0.13221153846153846
3 0.38341346153846156 0.48197115384615385 0.09615384615384616 0.08052884615384616
3 0.17307692307692307 0.4735576923076923 0.1658653846153846 0.17307692307692307
3 0.15985576923076922 0.5024038461538461 0.16105769230769232 0.19951923076923078
3 0.078125 0.4387019230769231 0.11658653846153846 0.09495192307692307
3 0.07932692307692307 0.48677884615384615 0.11057692307692307 0.16826923076923078
3 0.1201923076923077 0.3317307692307692 0.171875 0.13822115384615385
3 0.14423076923076922 0.3449519230769231 0.13581730769230768 0.10336538461538461
3 0.2283653846153846 0.23197115384615385 0.10817307692307693 0.109375
3 0.22956730769230768 0.140625 0.16466346153846154 0.11298076923076923
3 0.34134615384615385 0.22355769230769232 0.171875 0.1045673076923077
3 0.3641826923076923 0.14783653846153846 0.11538461538461539 0.109375
3 0.10817307692307693 0.18269230769230768 0.21634615384615385 0.1875
3 0.18269230769230768 0.26322115384615385 0.36538461538461536 0.359375
3 0.23557692307692307 0.36177884615384615 0.3713942307692308 0.5372596153846154
3 0.3954326923076923 0.6790865384615384 0.10697115384615384 0.10336538461538461
3 0.328125 0.6790865384615384 0.11538461538461539 0.08052884615384616
3 0.16346153846153846 0.7103365384615384 0.18870192307692307 0.08052884615384616
3 0.10576923076923077 0.6598557692307693 0.12259615384615384 0.125
3 0.2668269230769231 0.578125 0.08413461538461539 0.08653846153846154
3 0.3701923076923077 0.32572115384615385 0.16947115384615385 0.12740384615384615
3 0.4110576923076923 0.5564903846153846 0.10216346153846154 0.1346153846153846
3 0.22115384615384615 0.3858173076923077 0.4423076923076923 0.6418269230769231
3 0.16706730769230768 0.39783653846153844 0.33413461538461536 0.3389423076923077
3 0.3293269230769231 0.25240384615384615 0.2764423076923077 0.3317307692307692
3 0.23918269230769232 0.5252403846153846 0.40024038461538464 0.24639423076923078