4 0.6033653846153846 0.8713942307692307 0.0673076923076923 0.0829326923076923
4 0.39783653846153844 0.8966346153846154 0.30528846153846156 0.15144230769230768
4 0.39783653846153844 0.8689903846153846 0.11057692307692307 0.0673076923076923
4 0.15985576923076922 0.8786057692307693 0.1310096153846154 0.09375
4 0.6057692307692307 0.8040865384615384 0.12980769230769232 0.08774038461538461
4 0.41225961538461536 0.8870192307692307 0.6225961538461539 0.22596153846153846
4 0.8341346153846154 0.96875 0.07211538461538461 0.0625
4 0.7512019230769231 0.9603365384615384 0.13701923076923078 0.07932692307692307
4 0.953125 0.9447115384615384 0.09375 0.10096153846153846
4 0.9242788461538461 0.9879807692307693 0.07932692307692307 0.02403846153846154
4 0.8317307692307693 0.9411057692307693 0.33653846153846156 0.11778846153846154
4 0.03125 0.7247596153846154 0.0625 0.06009615384615385
4 0.02283653846153846 0.8209134615384616 0.04567307692307692 0.06370192307692307
4 0.07692307692307693 0.8257211538461539 0.055288461538461536 0.03125
4 0.8810096153846154 0.7536057692307693 0.23798076923076922 0.23557692307692307
4 0.9771634615384616 0.7752403846153846 0.04447115384615385 0.0889423076923077
4 0.6875 0.8509615384615384 0.1201923076923077 0.07572115384615384
4 0.4014423076923077 0.9182692307692307 0.33774038461538464 0.08774038461538461
4 0.3401442307692308 0.9086538461538461 0.5372596153846154 0.1814903846153846
3 0.27524038461538464 0.7932692307692307 0.2668269230769231 0.09254807692307693
3 0.3894230769230769 0.7920673076923077 0.33653846153846156 0.17067307692307693
3 0.3112980769230769 0.8100961538461539 0.5324519230769231 0.22115384615384615
3 0.15865384615384615 0.7884615384615384 0.19951923076923078 0.15504807692307693
3 0.21634615384615385 0.640625 0.08774038461538461 0.14543269230769232
3 0.27403846153846156 0.5793269230769231 0.15985576923076922 0.057692307692307696
3 0.27524038461538464 0.5456730769230769 0.12259615384615384 0.08413461538461539
3 0.8149038461538461 0.6322115384615384 0.11298076923076923 0.12860576923076922
3 0.5384615384615384 0.5540865384615384 0.5108173076923077 0.20072115384615385
3 0.6887019230769231 0.5721153846153846 0.18870192307692307 0.15144230769230768
3 0.3798076923076923 0.5444711538461539 0.21394230769230768 0.14783653846153846