3 0.8173076923076923 0.6790865384615384 0.36538461538461536 0.2548076923076923
3 0.8677884615384616 0.7596153846153846 0.16826923076923078 0.09975961538461539
3 0.11057692307692307 0.6430288461538461 0.1875 0.2848557692307692
3 0.24879807692307693 0.6165865384615384 0.06610576923076923 0.21514423076923078
3 0.3329326923076923 0.6069711538461539 0.05048076923076923 0.18629807692307693
3 0.2932692307692308 0.6742788461538461 0.08052884615384616 0.06490384615384616
3 0.3701923076923077 0.7475961538461539 0.2512019230769231 0.1310096153846154
3 0.5228365384615384 0.7415865384615384 0.16346153846153846 0.09014423076923077
3 0.5685096153846154 0.7247596153846154 0.1346153846153846 0.08533653846153846
3 0.4495192307692308 0.6838942307692307 0.0985576923076923 0.07091346153846154
3 0.4014423076923077 0.5276442307692307 0.06129807692307692 0.06009615384615385
3 0.46875 0.5108173076923077 0.13581730769230768 0.05889423076923077
3 0.6045673076923077 0.48197115384615385 0.15144230769230768 0.09975961538461539
3 0.5901442307692307 0.53125 0.15985576923076922 0.12740384615384615
3 0.8293269230769231 0.5420673076923077 0.15144230769230768 0.09375
3 0.8858173076923077 0.4891826923076923 0.17908653846153846 0.15625
3 0.07692307692307693 0.4423076923076923 0.15264423076923078 0.19831730769230768
4 0.6959134615384616 0.7824519230769231 0.14783653846153846 0.06971153846153846