7 0.2283653846153846 0.8978365384615384 0.3485576923076923 0.14903846153846154
7 0.4879807692307692 0.9350961538461539 0.5228365384615384 0.12980769230769232
7 0.3112980769230769 0.859375 0.18028846153846154 0.11177884615384616
7 0.6069711538461539 0.9002403846153846 0.21634615384615385 0.0985576923076923
7 0.8701923076923077 0.9110576923076923 0.11658653846153846 0.10096153846153846
7 0.7788461538461539 0.5877403846153846 0.4423076923076923 0.23076923076923078
7 0.8737980769230769 0.7668269230769231 0.17668269230769232 0.12860576923076922
4 0.9483173076923077 0.8545673076923077 0.10216346153846154 0.07211538461538461
4 0.6298076923076923 0.8064903846153846 0.15625 0.15985576923076922
4 0.8064903846153846 0.8257211538461539 0.18028846153846154 0.1141826923076923
4 0.828125 0.9663461538461539 0.10216346153846154 0.0673076923076923
4 0.3918269230769231 0.7608173076923077 0.16466346153846154 0.08533653846153846
4 0.4831730769230769 0.7403846153846154 0.1045673076923077 0.09134615384615384
4 0.41346153846153844 0.7632211538461539 0.25 0.12379807692307693
4 0.7740384615384616 0.8305288461538461 0.45072115384615385 0.18389423076923078
4 0.9230769230769231 0.6790865384615384 0.15384615384615385 0.13341346153846154
7 0.14783653846153846 0.5252403846153846 0.2956730769230769 0.53125
7 0.11298076923076923 0.21754807692307693 0.2247596153846154 0.43509615384615385
7 0.09975961538461539 0.11177884615384616 0.19951923076923078 0.22355769230769232
7 0.4579326923076923 0.14182692307692307 0.35096153846153844 0.24639423076923078
7 0.44591346153846156 0.2439903846153846 0.3629807692307692 0.40384615384615385
7 0.8918269230769231 0.19110576923076922 0.11778846153846154 0.19230769230769232
7 0.5168269230769231 0.5456730769230769 0.1875 0.22355769230769232
7 0.7740384615384616 0.5492788461538461 0.3449519230769231 0.18870192307692307
7 0.6766826923076923 0.06971153846153846 0.20793269230769232 0.13942307692307693
7 0.31009615384615385 0.21514423076923078 0.6189903846153846 0.43028846153846156
7 0.9375 0.3870192307692308 0.125 0.4254807692307692
7 0.6298076923076923 0.16105769230769232 0.1875 0.3112980769230769
4 0.6682692307692307 0.18870192307692307 0.10216346153846154 0.12980769230769232
4 0.7620192307692307 0.2620192307692308 0.36658653846153844 0.4110576923076923
4 0.4254807692307692 0.7644230769230769 0.4423076923076923 0.1875