6 0.027644230769230768 0.8100961538461539 0.028846153846153848 0.28365384615384615
6 0.04927884615384615 0.8088942307692307 0.051682692307692304 0.29447115384615385
6 0.45913461538461536 0.734375 0.06610576923076923 0.5024038461538461
6 0.7608173076923077 0.6117788461538461 0.28365384615384615 0.07692307692307693
6 0.5396634615384616 0.16105769230769232 0.0625 0.32211538461538464
6 0.6923076923076923 0.12259615384615384 0.20432692307692307 0.21754807692307693
6 0.8581730769230769 0.39663461538461536 0.08413461538461539 0.1045673076923077
6 0.7764423076923077 0.90625 0.41586538461538464 0.1141826923076923
6 0.3425480769230769 0.7620192307692307 0.09495192307692307 0.375
6 0.28125 0.7848557692307693 0.078125 0.36538461538461536
6 0.21875 0.7944711538461539 0.07692307692307693 0.3701923076923077
6 0.16105769230769232 0.8052884615384616 0.054086538461538464 0.38461538461538464
6 0.11778846153846154 0.8149038461538461 0.054086538461538464 0.36778846153846156