6 0.6598557692307693 0.8930288461538461 0.2692307692307692 0.21153846153846154
6 0.6358173076923077 0.7644230769230769 0.21153846153846154 0.2247596153846154
6 0.6574519230769231 0.8185096153846154 0.2848557692307692 0.33052884615384615
6 0.5252403846153846 0.5829326923076923 0.3545673076923077 0.1310096153846154
7 0.10576923076923077 0.7608173076923077 0.21153846153846154 0.28125
7 0.15264423076923078 0.7067307692307693 0.3016826923076923 0.13701923076923078
7 0.09975961538461539 0.8221153846153846 0.19951923076923078 0.1658653846153846
7 0.9326923076923077 0.8569711538461539 0.1346153846153846 0.11298076923076923
7 0.84375 0.49038461538461536 0.15504807692307693 0.07932692307692307
4 0.8004807692307693 0.027644230769230768 0.22115384615384615 0.055288461538461536
4 0.4579326923076923 0.8617788461538461 0.20673076923076922 0.24879807692307693
4 0.9194711538461539 0.9002403846153846 0.15985576923076922 0.19951923076923078
4 0.2512019230769231 0.7139423076923077 0.15985576923076922 0.0985576923076923
4 0.2824519230769231 0.5925480769230769 0.09375 0.08173076923076923
4 0.1141826923076923 0.5216346153846154 0.2283653846153846 0.11538461538461539
4 0.9471153846153846 0.5600961538461539 0.10576923076923077 0.11538461538461539
4 0.6538461538461539 0.49278846153846156 0.1658653846153846 0.06490384615384616
4 0.3473557692307692 0.5625 0.08413461538461539 0.08774038461538461
4 0.19230769230769232 0.5540865384615384 0.38341346153846156 0.171875
4 0.12740384615384615 0.5925480769230769 0.1778846153846154 0.11658653846153846
4 0.03485576923076923 0.5540865384615384 0.06850961538461539 0.171875
4 0.03485576923076923 0.34615384615384615 0.06971153846153846 0.11057692307692307
4 0.10697115384615384 0.36778846153846156 0.1502403846153846 0.09134615384615384
4 0.0625 0.1310096153846154 0.125 0.1814903846153846
4 0.5588942307692307 0.09375 0.2860576923076923 0.16105769230769232
4 0.6213942307692307 0.12620192307692307 0.15504807692307693 0.0985576923076923
4 0.42788461538461536 0.11298076923076923 0.10336538461538461 0.15264423076923078
4 0.6790865384615384 0.3112980769230769 0.15745192307692307 0.17908653846153846
4 0.7415865384615384 0.5721153846153846 0.17307692307692307 0.12379807692307693
4 0.8665865384615384 0.5360576923076923 0.2668269230769231 0.16947115384615385
4 0.8040865384615384 0.5384615384615384 0.3545673076923077 0.15625
4 0.3112980769230769 0.5841346153846154 0.14543269230769232 0.11538461538461539
4 0.08413461538461539 0.3485576923076923 0.16826923076923078 0.11057692307692307