4 0.44471153846153844 0.7415865384615384 0.17307692307692307 0.1466346153846154
4 0.34615384615384615 0.6382211538461539 0.1045673076923077 0.1141826923076923
4 0.5612980769230769 0.8377403846153846 0.12139423076923077 0.13942307692307693
4 0.6514423076923077 0.8245192307692307 0.11658653846153846 0.11538461538461539
6 0.7247596153846154 0.8329326923076923 0.046875 0.1201923076923077
4 0.47716346153846156 0.6165865384615384 0.12379807692307693 0.10216346153846154
4 0.34134615384615385 0.5432692307692307 0.06610576923076923 0.07451923076923077
4 0.36778846153846156 0.5492788461538461 0.15865384615384615 0.09495192307692307
4 0.22716346153846154 0.546875 0.15384615384615385 0.16947115384615385
4 0.21995192307692307 0.44471153846153844 0.15985576923076922 0.09615384615384616
4 0.26802884615384615 0.3798076923076923 0.11057692307692307 0.11538461538461539
4 0.3076923076923077 0.4423076923076923 0.07572115384615384 0.0733173076923077
4 0.3401442307692308 0.46875 0.09495192307692307 0.039663461538461536
4 0.38100961538461536 0.4338942307692308 0.05048076923076923 0.078125
4 0.41225961538461536 0.4206730769230769 0.04567307692307692 0.07211538461538461
4 0.3629807692307692 0.39663461538461536 0.07211538461538461 0.0673076923076923
4 0.4495192307692308 0.4735576923076923 0.06370192307692307 0.06490384615384616
4 0.40024038461538464 0.46274038461538464 0.09254807692307693 0.1502403846153846
4 0.3762019230769231 0.5108173076923077 0.11298076923076923 0.06971153846153846
4 0.5384615384615384 0.5420673076923077 0.0829326923076923 0.11177884615384616
3 0.5829326923076923 0.5348557692307693 0.06610576923076923 0.09615384615384616
3 0.6634615384615384 0.5528846153846154 0.15384615384615385 0.14543269230769232
3 0.6502403846153846 0.6201923076923077 0.1466346153846154 0.09495192307692307
3 0.8485576923076923 0.5685096153846154 0.054086538461538464 0.17668269230769232
3 0.5637019230769231 0.5444711538461539 0.15745192307692307 0.12620192307692307
3 0.75 0.3870192307692308 0.20432692307692307 0.1045673076923077
3 0.3173076923076923 0.921875 0.10697115384615384 0.11778846153846154
3 0.328125 0.796875 0.09975961538461539 0.10697115384615384
3 0.19831730769230768 0.7295673076923077 0.14543269230769232 0.171875
3 0.23798076923076922 0.625 0.11658653846153846 0.08653846153846154
3 0.4543269230769231 0.8317307692307693 0.1201923076923077 0.11778846153846154
3 0.21033653846153846 0.9651442307692307 0.15745192307692307 0.06971153846153846
4 0.5480769230769231 0.8569711538461539 0.1045673076923077 0.15144230769230768
4 0.5120192307692307 0.6754807692307693 0.03125 0.06971153846153846
4 0.4639423076923077 0.6850961538461539 0.12740384615384615 0.0985576923076923
4 0.34975961538461536 0.6153846153846154 0.038461538461538464 0.027644230769230768
4 0.31490384615384615 0.4423076923076923 0.07211538461538461 0.08413461538461539
4 0.27163461538461536 0.21634615384615385 0.05048076923076923 0.0733173076923077
4 0.39663461538461536 0.22716346153846154 0.15625 0.055288461538461536
4 0.4855769230769231 0.19471153846153846 0.078125 0.0733173076923077
4 0.609375 0.21875 0.07932692307692307 0.039663461538461536
4 0.6574519230769231 0.23317307692307693 0.0625 0.02283653846153846
4 0.71875 0.2403846153846154 0.06610576923076923 0.025240384615384616
4 0.5528846153846154 0.21995192307692307 0.08653846153846154 0.04567307692307692
4 0.5444711538461539 0.2980769230769231 0.04567307692307692 0.056490384615384616
4 0.5757211538461539 0.3112980769230769 0.054086538461538464 0.055288461538461536
4 0.6129807692307693 0.3173076923076923 0.04326923076923077 0.04567307692307692
4 0.578125 0.3293269230769231 0.03245192307692308 0.02403846153846154
4 0.49399038461538464 0.30408653846153844 0.05889423076923077 0.027644230769230768
4 0.5420673076923077 0.30408653846153844 0.17067307692307693 0.07932692307692307
4 0.5072115384615384 0.3473557692307692 0.0889423076923077 0.11538461538461539
4 0.5072115384615384 0.41947115384615385 0.125 0.10096153846153846
4 0.43028846153846156 0.44711538461538464 0.14302884615384615 0.10697115384615384
4 0.37259615384615385 0.47115384615384615 0.20793269230769232 0.16466346153846154
4 0.3894230769230769 0.5817307692307693 0.20673076923076922 0.1778846153846154
4 0.421875 0.7632211538461539 0.23317307692307693 0.27163461538461536
4 0.5120192307692307 0.8629807692307693 0.19831730769230768 0.15865384615384615
4 0.1875 0.9242788461538461 0.11778846153846154 0.10336538461538461
4 0.2980769230769231 0.8665865384615384 0.14783653846153846 0.07932692307692307
4 0.1466346153846154 0.5396634615384616 0.046875 0.11177884615384616
4 0.15384615384615385 0.2848557692307692 0.12139423076923077 0.1045673076923077
4 0.4014423076923077 0.6442307692307693 0.21634615384615385 0.5192307692307693
4 0.515625 0.42427884615384615 0.20432692307692307 0.11538461538461539
3 0.6634615384615384 0.6995192307692307 0.08774038461538461 0.12980769230769232
3 0.19831730769230768 0.7379807692307693 0.22235576923076922 0.23798076923076922
3 0.7451923076923077 0.3545673076923077 0.23677884615384615 0.09975961538461539
7 0.203125 0.40625 0.1045673076923077 0.056490384615384616
7 0.25841346153846156 0.359375 0.0829326923076923 0.06490384615384616
4 0.4230769230769231 0.9435096153846154 0.26322115384615385 0.11298076923076923
4 0.6935096153846154 0.9014423076923077 0.07451923076923077 0.06971153846153846
4 0.6574519230769231 0.8786057692307693 0.06490384615384616 0.07692307692307693
4 0.7512019230769231 0.9411057692307693 0.04567307692307692 0.0673076923076923
4 0.7944711538461539 0.7992788461538461 0.09975961538461539 0.17908653846153846
4 0.6478365384615384 0.9627403846153846 0.06370192307692307 0.046875
4 0.5228365384615384 0.04447115384615385 0.07572115384615384 0.05889423076923077