6 0.8798076923076923 0.7403846153846154 0.23918269230769232 0.2692307692307692
6 0.8822115384615384 0.39903846153846156 0.20072115384615385 0.12860576923076922
6 0.8665865384615384 0.5204326923076923 0.2668269230769231 0.17307692307692307
6 0.49759615384615385 0.21033653846153846 0.36658653846153844 0.3401442307692308
7 0.34975961538461536 0.5396634615384616 0.43028846153846156 0.24278846153846154
7 0.41586538461538464 0.6682692307692307 0.36538461538461536 0.125
7 0.5480769230769231 0.6490384615384616 0.3473557692307692 0.26802884615384615
7 0.40384615384615385 0.765625 0.5492788461538461 0.2536057692307692
7 0.44591346153846156 0.7596153846153846 0.4807692307692308 0.22956730769230768
7 0.14182692307692307 0.9435096153846154 0.2776442307692308 0.11298076923076923
7 0.046875 0.84375 0.09375 0.2668269230769231
7 0.11298076923076923 0.5420673076923077 0.20192307692307693 0.36658653846153844
7 0.09375 0.44591346153846156 0.18269230769230768 0.1814903846153846
7 0.17668269230769232 0.23197115384615385 0.34975961538461536 0.40024038461538464
7 0.18028846153846154 0.25841346153846156 0.2692307692307692 0.18389423076923078
7 0.5264423076923077 0.46274038461538464 0.20072115384615385 0.16466346153846154
7 0.6658653846153846 0.46033653846153844 0.0985576923076923 0.25721153846153844
7 0.3858173076923077 0.6177884615384616 0.6730769230769231 0.4723557692307692
7 0.47596153846153844 0.9435096153846154 0.3557692307692308 0.11298076923076923
7 0.8137019230769231 0.9735576923076923 0.07211538461538461 0.051682692307692304
7 0.8040865384615384 0.8581730769230769 0.18990384615384615 0.16706730769230768
7 0.8798076923076923 0.22355769230769232 0.2403846153846154 0.21995192307692307
7 0.8870192307692307 0.0733173076923077 0.22596153846153846 0.13701923076923078