7 0.40865384615384615 0.8329326923076923 0.28966346153846156 0.21153846153846154
7 0.1814903846153846 0.9266826923076923 0.23557692307692307 0.12740384615384615
7 0.6658653846153846 0.8725961538461539 0.24278846153846154 0.24759615384615385
7 0.4735576923076923 0.9495192307692307 0.28725961538461536 0.10096153846153846
7 0.14903846153846154 0.4891826923076923 0.27884615384615385 0.1201923076923077
7 0.5817307692307693 0.12860576923076922 0.18990384615384615 0.19591346153846154
7 0.5901442307692307 0.41225961538461536 0.3641826923076923 0.15865384615384615
7 0.28125 0.39903846153846156 0.4098557692307692 0.1502403846153846
7 0.31850961538461536 0.4338942307692308 0.23677884615384615 0.09735576923076923
7 0.9591346153846154 0.7512019230769231 0.08173076923076923 0.07451923076923077
7 0.3942307692307692 0.7199519230769231 0.21514423076923078 0.13341346153846154
6 0.41225961538461536 0.40024038461538464 0.2091346153846154 0.08413461538461539
6 0.08774038461538461 0.49759615384615385 0.17307692307692307 0.1502403846153846