3 0.45552884615384615 0.3269230769230769 0.203125 0.0733173076923077
3 0.9579326923076923 0.36538461538461536 0.08413461538461539 0.06129807692307692
3 0.2608173076923077 0.32211538461538464 0.08533653846153846 0.07451923076923077
4 0.5504807692307693 0.7283653846153846 0.2439903846153846 0.3942307692307692
3 0.13942307692307693 0.09014423076923077 0.26322115384615385 0.16706730769230768
3 0.6105769230769231 0.13942307692307693 0.19591346153846154 0.2776442307692308
4 0.6911057692307693 0.43990384615384615 0.6177884615384616 0.1971153846153846
7 0.8942307692307693 0.6274038461538461 0.1622596153846154 0.08653846153846154
4 0.7331730769230769 0.4098557692307692 0.21995192307692307 0.13581730769230768
4 0.25961538461538464 0.4795673076923077 0.2512019230769231 0.13581730769230768
2 0.484375 0.8545673076923077 0.11177884615384616 0.1310096153846154
2 0.5588942307692307 0.7487980769230769 0.08413461538461539 0.10216346153846154
2 0.5949519230769231 0.703125 0.0673076923076923 0.11778846153846154
2 0.5576923076923077 0.5877403846153846 0.14423076923076922 0.14423076923076922
2 0.6478365384615384 0.5348557692307693 0.08653846153846154 0.0985576923076923
2 0.4026442307692308 0.7596153846153846 0.11899038461538461 0.11298076923076923
3 0.17548076923076922 0.44471153846153844 0.15384615384615385 0.04807692307692308
3 0.3329326923076923 0.4375 0.1141826923076923 0.07091346153846154
3 0.3557692307692308 0.2536057692307692 0.1658653846153846 0.09014423076923077
3 0.30288461538461536 0.3004807692307692 0.13942307692307693 0.08173076923076923
3 0.6141826923076923 0.1658653846153846 0.1935096153846154 0.15985576923076922
7 0.04807692307692308 0.9399038461538461 0.0829326923076923 0.07091346153846154
3 0.0985576923076923 0.2548076923076923 0.14423076923076922 0.12980769230769232
7 0.16346153846153846 0.7199519230769231 0.11057692307692307 0.08653846153846154