4 0.8088942307692307 0.7728365384615384 0.31490384615384615 0.4543269230769231
4 0.5348557692307693 0.9387019230769231 0.32211538461538464 0.12259615384615384
0 0.2536057692307692 0.6838942307692307 0.3629807692307692 0.14182692307692307
0 0.046875 0.5612980769230769 0.09375 0.16706730769230768
0 0.22956730769230768 0.6009615384615384 0.22355769230769232 0.1346153846153846
0 0.3545673076923077 0.8762019230769231 0.35336538461538464 0.2283653846153846
7 0.5324519230769231 0.78125 0.17668269230769232 0.14783653846153846
4 0.30408653846153844 0.08413461538461539 0.6081730769230769 0.16706730769230768
4 0.39783653846153844 0.04927884615384615 0.18269230769230768 0.08413461538461539
4 0.265625 0.0625 0.14423076923076922 0.11899038461538461
4 0.5829326923076923 0.056490384615384616 0.18269230769230768 0.09254807692307693
4 0.4831730769230769 0.5096153846153846 0.3016826923076923 0.26802884615384615
4 0.5204326923076923 0.46033653846153844 0.21995192307692307 0.0889423076923077
4 0.8725961538461539 0.6526442307692307 0.09375 0.08533653846153846
4 0.875 0.7932692307692307 0.17668269230769232 0.13221153846153846
4 0.7019230769230769 0.6442307692307693 0.11177884615384616 0.13221153846153846
4 0.7884615384615384 0.8822115384615384 0.171875 0.15384615384615385
4 0.9014423076923077 0.1310096153846154 0.1971153846153846 0.125