2 0.051682692307692304 0.6634615384615384 0.10216346153846154 0.17307692307692307
2 0.09254807692307693 0.7740384615384616 0.11778846153846154 0.14423076923076922
2 0.15144230769230768 0.8617788461538461 0.18028846153846154 0.20552884615384615
2 0.22235576923076922 0.6887019230769231 0.31971153846153844 0.19230769230769232
2 0.22716346153846154 0.6887019230769231 0.2283653846153846 0.1201923076923077
2 0.44711538461538464 0.6310096153846154 0.15144230769230768 0.08533653846153846
2 0.4699519230769231 0.5961538461538461 0.23677884615384615 0.13221153846153846
2 0.11538461538461539 0.49278846153846156 0.16947115384615385 0.265625
2 0.24519230769230768 0.1971153846153846 0.057692307692307696 0.1201923076923077
2 0.4411057692307692 0.14182692307692307 0.06610576923076923 0.08413461538461539
2 0.5060096153846154 0.13942307692307693 0.040865384615384616 0.0625
2 0.5612980769230769 0.7115384615384616 0.43028846153846156 0.4579326923076923
7 0.24759615384615385 0.296875 0.20432692307692307 0.07572115384615384
7 0.22355769230769232 0.9879807692307693 0.15985576923076922 0.02283653846153846
7 0.4879807692307692 0.9206730769230769 0.4567307692307692 0.12620192307692307
7 0.8004807692307693 0.8016826923076923 0.15384615384615385 0.2608173076923077
6 0.0889423076923077 0.8942307692307693 0.17668269230769232 0.21033653846153846
6 0.5685096153846154 0.45072115384615385 0.04927884615384615 0.11177884615384616
4 0.47836538461538464 0.5012019230769231 0.20673076923076922 0.09134615384615384
2 0.24278846153846154 0.5084134615384616 0.19951923076923078 0.2127403846153846
3 0.7043269230769231 0.15504807692307693 0.1658653846153846 0.27884615384615385
3 0.8088942307692307 0.14543269230769232 0.09495192307692307 0.20192307692307693
3 0.8137019230769231 0.15985576923076922 0.0733173076923077 0.1502403846153846
3 0.9519230769230769 0.18389423076923078 0.09615384615384616 0.09375
3 0.9639423076923077 0.15144230769230768 0.07091346153846154 0.05889423076923077
3 0.9543269230769231 0.41346153846153844 0.09134615384615384 0.09615384615384616
3 0.8497596153846154 0.4987980769230769 0.3004807692307692 0.30528846153846156
3 0.8918269230769231 0.7608173076923077 0.21634615384615385 0.47836538461538464
4 0.3389423076923077 0.21995192307692307 0.04807692307692308 0.07572115384615384
4 0.5264423076923077 0.30288461538461536 0.24278846153846154 0.27163461538461536