3 0.6466346153846154 0.7163461538461539 0.17307692307692307 0.07211538461538461
3 0.8100961538461539 0.8004807692307693 0.10096153846153846 0.11658653846153846
3 0.8713942307692307 0.7932692307692307 0.21634615384615385 0.10817307692307693
3 0.78125 0.5552884615384616 0.12259615384615384 0.07091346153846154
3 0.33413461538461536 0.4951923076923077 0.2620192307692308 0.17668269230769232
6 0.7235576923076923 0.1310096153846154 0.06009615384615385 0.09134615384615384
3 0.8173076923076923 0.47475961538461536 0.19951923076923078 0.125
3 0.3317307692307692 0.9098557692307693 0.3269230769230769 0.18028846153846154
3 0.29086538461538464 0.75 0.3641826923076923 0.18028846153846154
6 0.17668269230769232 0.42788461538461536 0.1971153846153846 0.3473557692307692
3 0.5757211538461539 0.4266826923076923 0.20793269230769232 0.2704326923076923
7 0.8449519230769231 0.6478365384615384 0.0829326923076923 0.06490384615384616