7 0.16105769230769232 0.5973557692307693 0.22115384615384615 0.17427884615384615
2 0.1502403846153846 0.7247596153846154 0.1045673076923077 0.11298076923076923
2 0.4014423076923077 0.4387019230769231 0.06009615384615385 0.078125
2 0.27884615384615385 0.46634615384615385 0.07451923076923077 0.08052884615384616
2 0.28725961538461536 0.5961538461538461 0.06610576923076923 0.11538461538461539
7 0.2548076923076923 0.6995192307692307 0.06370192307692307 0.06490384615384616
7 0.2956730769230769 0.4014423076923077 0.13822115384615385 0.12379807692307693
7 0.49278846153846156 0.3233173076923077 0.11778846153846154 0.0985576923076923
7 0.41947115384615385 0.35697115384615385 0.09615384615384616 0.054086538461538464
7 0.7007211538461539 0.34375 0.12980769230769232 0.1346153846153846
7 0.7596153846153846 0.4026442307692308 0.17668269230769232 0.1310096153846154
7 0.6646634615384616 0.5600961538461539 0.21033653846153846 0.17427884615384615
7 0.6490384615384616 0.6454326923076923 0.14903846153846154 0.08774038461538461
7 0.4651442307692308 0.5360576923076923 0.23076923076923078 0.12379807692307693
2 0.6574519230769231 0.3786057692307692 0.06850961538461539 0.09134615384615384
2 0.6610576923076923 0.4362980769230769 0.06971153846153846 0.08533653846153846
6 0.6862980769230769 0.22235576923076922 0.12139423076923077 0.04927884615384615
6 0.7752403846153846 0.21634615384615385 0.04447115384615385 0.03125
6 0.7271634615384616 0.18509615384615385 0.06129807692307692 0.028846153846153848
6 0.6286057692307693 0.18028846153846154 0.1141826923076923 0.03485576923076923
7 0.3245192307692308 0.6766826923076923 0.052884615384615384 0.054086538461538464
7 0.20192307692307693 0.4699519230769231 0.11177884615384616 0.04927884615384615