2 0.22235576923076922 0.1310096153846154 0.12860576923076922 0.037259615384615384
2 0.1141826923076923 0.7055288461538461 0.07451923076923077 0.1045673076923077
2 0.3112980769230769 0.5084134615384616 0.07451923076923077 0.09975961538461539
2 0.06370192307692307 0.45552884615384615 0.07451923076923077 0.14302884615384615
2 0.04326923076923077 0.7307692307692307 0.08653846153846154 0.09495192307692307
2 0.07091346153846154 0.5745192307692307 0.042067307692307696 0.06971153846153846
7 0.6382211538461539 0.8737980769230769 0.16706730769230768 0.07572115384615384
7 0.9014423076923077 0.8365384615384616 0.16947115384615385 0.12980769230769232
2 0.23798076923076922 0.21995192307692307 0.140625 0.0985576923076923
4 0.5432692307692307 0.42427884615384615 0.12860576923076922 0.19471153846153846
7 0.9038461538461539 0.9615384615384616 0.1814903846153846 0.07692307692307693
2 0.125 0.8629807692307693 0.25 0.1201923076923077
7 0.8798076923076923 0.4326923076923077 0.2403846153846154 0.20192307692307693