3 0.41947115384615385 0.8569711538461539 0.5685096153846154 0.2860576923076923
3 0.17668269230769232 0.12139423076923077 0.2668269230769231 0.15144230769230768
3 0.3449519230769231 0.27524038461538464 0.2932692307692308 0.36177884615384615
3 0.6009615384615384 0.15745192307692307 0.1935096153846154 0.18990384615384615
3 0.3329326923076923 0.7740384615384616 0.5336538461538461 0.16826923076923078
3 0.45072115384615385 0.8894230769230769 0.38221153846153844 0.21875
3 0.7932692307692307 0.7752403846153846 0.28365384615384615 0.4495192307692308
3 0.5564903846153846 0.6346153846153846 0.12980769230769232 0.18269230769230768
3 0.07451923076923077 0.4567307692307692 0.14903846153846154 0.5528846153846154
3 0.13822115384615385 0.8978365384615384 0.2764423076923077 0.203125
3 0.8461538461538461 0.17067307692307693 0.3076923076923077 0.34134615384615385