6 0.4026442307692308 0.49759615384615385 0.13942307692307693 0.13581730769230768
6 0.4987980769230769 0.36778846153846156 0.07932692307692307 0.11538461538461539
6 0.4014423076923077 0.3786057692307692 0.13341346153846154 0.08413461538461539
6 0.3269230769230769 0.40024038461538464 0.09495192307692307 0.109375
2 0.17548076923076922 0.7307692307692307 0.09254807692307693 0.15384615384615385
7 0.23317307692307693 0.5360576923076923 0.21153846153846154 0.125
7 0.2608173076923077 0.5180288461538461 0.1971153846153846 0.10817307692307693
3 0.8641826923076923 0.7680288461538461 0.2704326923076923 0.4182692307692308
3 0.8353365384615384 0.8629807692307693 0.3293269230769231 0.2644230769230769
3 0.9338942307692307 0.609375 0.13221153846153846 0.11538461538461539
3 0.28365384615384615 0.9182692307692307 0.2091346153846154 0.09975961538461539