3 0.46634615384615385 0.8028846153846154 0.17908653846153846 0.2620192307692308
3 0.4675480769230769 0.7307692307692307 0.19230769230769232 0.11778846153846154
3 0.6959134615384616 0.8233173076923077 0.19951923076923078 0.16826923076923078
3 0.8713942307692307 0.6862980769230769 0.12860576923076922 0.11778846153846154
3 0.7487980769230769 0.6033653846153846 0.10216346153846154 0.056490384615384616
3 0.6009615384615384 0.6069711538461539 0.15745192307692307 0.23677884615384615
3 0.5576923076923077 0.4423076923076923 0.16826923076923078 0.18870192307692307
3 0.5865384615384616 0.38221153846153844 0.15865384615384615 0.10697115384615384
3 0.7752403846153846 0.4543269230769231 0.11658653846153846 0.12620192307692307
3 0.7487980769230769 0.5324519230769231 0.18629807692307693 0.12860576923076922
3 0.6670673076923077 0.6141826923076923 0.5504807692307693 0.6105769230769231
3 0.37740384615384615 0.5420673076923077 0.2091346153846154 0.17307692307692307
3 0.53125 0.2644230769230769 0.0733173076923077 0.07091346153846154
3 0.5540865384615384 0.18028846153846154 0.03245192307692308 0.10697115384615384
3 0.5264423076923077 0.11298076923076923 0.0673076923076923 0.036057692307692304
3 0.25841346153846156 0.21033653846153846 0.125 0.052884615384615384
3 0.8305288461538461 0.12259615384615384 0.20072115384615385 0.09375
3 0.8064903846153846 0.21033653846153846 0.3870192307692308 0.29447115384615385
3 0.8762019230769231 0.06129807692307692 0.24639423076923078 0.11538461538461539