3 0.9603365384615384 0.65625 0.07932692307692307 0.4807692307692308
3 0.9254807692307693 0.6189903846153846 0.14903846153846154 0.4579326923076923
3 0.16706730769230768 0.5564903846153846 0.11658653846153846 0.2620192307692308
3 0.10216346153846154 0.23557692307692307 0.20432692307692307 0.18269230769230768
3 0.8497596153846154 0.5384615384615384 0.15504807692307693 0.41466346153846156
4 0.48677884615384615 0.7487980769230769 0.1141826923076923 0.14543269230769232
4 0.6237980769230769 0.9459134615384616 0.125 0.10697115384615384
4 0.2764423076923077 0.8870192307692307 0.13341346153846154 0.22596153846153846
4 0.4651442307692308 0.5901442307692307 0.04326923076923077 0.040865384615384616
4 0.6009615384615384 0.6298076923076923 0.10336538461538461 0.12620192307692307
4 0.6778846153846154 0.8185096153846154 0.15865384615384615 0.16105769230769232
4 0.5829326923076923 0.5384615384615384 0.125 0.10576923076923077
4 0.36899038461538464 0.7596153846153846 0.08774038461538461 0.23317307692307693
4 0.40625 0.5625 0.09615384615384616 0.09375
4 0.859375 0.9182692307692307 0.28125 0.16346153846153846
4 0.7992788461538461 0.9338942307692307 0.14302884615384615 0.08774038461538461