0 0.6274038461538461 0.10096153846153846 0.140625 0.11177884615384616
0 0.7439903846153846 0.15384615384615385 0.17668269230769232 0.11899038461538461
0 0.3161057692307692 0.12620192307692307 0.4387019230769231 0.140625
0 0.39783653846153844 0.265625 0.5637019230769231 0.21754807692307693
0 0.4375 0.41947115384615385 0.5264423076923077 0.1875
0 0.65625 0.5661057692307693 0.21153846153846154 0.12259615384615384
0 0.515625 0.05889423076923077 0.1201923076923077 0.11778846153846154
0 0.042067307692307696 0.14182692307692307 0.08413461538461539 0.20432692307692307
7 0.1466346153846154 0.6742788461538461 0.265625 0.22355769230769232
7 0.8966346153846154 0.5048076923076923 0.17067307692307693 0.140625
4 0.44471153846153844 0.5625 0.22235576923076922 0.09495192307692307
3 0.1346153846153846 0.9074519230769231 0.2692307692307692 0.18509615384615385
3 0.44711538461538464 0.7992788461538461 0.22115384615384615 0.20192307692307693
3 0.6153846153846154 0.6802884615384616 0.21514423076923078 0.15144230769230768
3 0.6983173076923077 0.8293269230769231 0.18870192307692307 0.16706730769230768
3 0.7908653846153846 0.7235576923076923 0.13341346153846154 0.09975961538461539
3 0.040865384615384616 0.3137019230769231 0.08173076923076923 0.11177884615384616
4 0.8064903846153846 0.4182692307692308 0.18269230769230768 0.15865384615384615
4 0.16466346153846154 0.5012019230769231 0.29086538461538464 0.15264423076923078
4 0.3293269230769231 0.6598557692307693 0.19471153846153846 0.13221153846153846
4 0.49158653846153844 0.6322115384615384 0.1466346153846154 0.11538461538461539
4 0.9314903846153846 0.26802884615384615 0.13701923076923078 0.11298076923076923
4 0.4182692307692308 0.9567307692307693 0.24519230769230768 0.08533653846153846