2 0.4807692307692308 0.32211538461538464 0.3161057692307692 0.17067307692307693
2 0.20673076923076922 0.4543269230769231 0.09254807692307693 0.12379807692307693
4 0.6237980769230769 0.8209134615384616 0.125 0.13701923076923078
3 0.8485576923076923 0.875 0.30288461538461536 0.25
7 0.7848557692307693 0.5733173076923077 0.1971153846153846 0.11538461538461539
7 0.8076923076923077 0.15985576923076922 0.28725961538461536 0.10817307692307693
7 0.8377403846153846 0.054086538461538464 0.3233173076923077 0.10576923076923077
7 0.3713942307692308 0.7932692307692307 0.1814903846153846 0.1466346153846154
2 0.5528846153846154 0.5504807692307693 0.2403846153846154 0.14783653846153846
2 0.33774038461538464 0.5204326923076923 0.18870192307692307 0.23918269230769232
2 0.3786057692307692 0.3245192307692308 0.09014423076923077 0.12259615384615384
2 0.5793269230769231 0.3317307692307692 0.10697115384615384 0.15264423076923078