3 0.8569711538461539 0.5757211538461539 0.2860576923076923 0.2764423076923077
3 0.05889423076923077 0.7403846153846154 0.11778846153846154 0.08173076923076923
3 0.26322115384615385 0.2548076923076923 0.4182692307692308 0.05048076923076923
3 0.11778846153846154 0.5408653846153846 0.23197115384615385 0.21153846153846154
3 0.8329326923076923 0.6129807692307693 0.21754807692307693 0.1310096153846154
3 0.8737980769230769 0.6322115384615384 0.15985576923076922 0.07932692307692307
3 0.8521634615384616 0.3473557692307692 0.2548076923076923 0.13822115384615385
3 0.13341346153846154 0.8521634615384616 0.16826923076923078 0.13822115384615385
3 0.03365384615384615 0.9435096153846154 0.0673076923076923 0.09735576923076923
4 0.42908653846153844 0.6862980769230769 0.34975961538461536 0.21634615384615385
4 0.49399038461538464 0.9302884615384616 0.3112980769230769 0.13942307692307693
4 0.18389423076923078 0.6610576923076923 0.13221153846153846 0.09495192307692307
4 0.4050480769230769 0.5348557692307693 0.21033653846153846 0.1658653846153846
4 0.5384615384615384 0.4735576923076923 0.11057692307692307 0.11658653846153846