2 0.8245192307692307 0.5132211538461539 0.13221153846153846 0.13341346153846154
2 0.6622596153846154 0.46274038461538464 0.05048076923076923 0.109375
2 0.9543269230769231 0.5576923076923077 0.09014423076923077 0.09495192307692307
2 0.11057692307692307 0.5889423076923077 0.09254807692307693 0.09014423076923077
2 0.03485576923076923 0.5949519230769231 0.06850961538461539 0.109375
2 0.3798076923076923 0.46274038461538464 0.13942307692307693 0.12379807692307693
2 0.4326923076923077 0.4567307692307692 0.109375 0.07451923076923077
2 0.6334134615384616 0.49759615384615385 0.05048076923076923 0.08052884615384616
2 0.7235576923076923 0.47716346153846156 0.06850961538461539 0.14302884615384615
2 0.7596153846153846 0.0733173076923077 0.2932692307692308 0.09134615384615384
2 0.9627403846153846 0.042067307692307696 0.07451923076923077 0.046875
2 0.5793269230769231 0.07572115384615384 0.10576923076923077 0.078125
2 0.6694711538461539 0.08533653846153846 0.06370192307692307 0.04927884615384615
2 0.7235576923076923 0.06850961538461539 0.054086538461538464 0.054086538461538464
2 0.7716346153846154 0.06850961538461539 0.04927884615384615 0.03485576923076923
2 0.828125 0.057692307692307696 0.07692307692307693 0.057692307692307696
4 0.1466346153846154 0.7920673076923077 0.2932692307692308 0.25721153846153844
4 0.2776442307692308 0.6911057692307693 0.25600961538461536 0.17427884615384615
4 0.4411057692307692 0.5877403846153846 0.31971153846153844 0.23798076923076922