4 0.5408653846153846 0.4182692307692308 0.4266826923076923 0.14543269230769232
3 0.15865384615384615 0.8629807692307693 0.3161057692307692 0.24278846153846154
7 0.47836538461538464 0.8978365384615384 0.1622596153846154 0.14302884615384615
7 0.46274038461538464 0.7536057692307693 0.15985576923076922 0.19831730769230768
7 0.3112980769230769 0.59375 0.12259615384615384 0.07572115384615384
7 0.484375 0.5913461538461539 0.14423076923076922 0.13822115384615385
7 0.40625 0.5444711538461539 0.052884615384615384 0.03485576923076923
7 0.4182692307692308 0.5841346153846154 0.06971153846153846 0.040865384615384616
7 0.5036057692307693 0.5024038461538461 0.13701923076923078 0.0673076923076923
7 0.5685096153846154 0.59375 0.040865384615384616 0.055288461538461536
7 0.5865384615384616 0.5348557692307693 0.06370192307692307 0.0733173076923077
7 0.4579326923076923 0.44471153846153844 0.09735576923076923 0.07211538461538461
3 0.8269230769230769 0.6814903846153846 0.24519230769230768 0.11538461538461539
3 0.7067307692307693 0.6790865384615384 0.09975961538461539 0.04447115384615385
6 0.2127403846153846 0.5216346153846154 0.1778846153846154 0.057692307692307696
6 0.3137019230769231 0.5048076923076923 0.06129807692307692 0.040865384615384616
3 0.14903846153846154 0.8185096153846154 0.2620192307692308 0.14302884615384615
7 0.5192307692307693 0.4026442307692308 0.06009615384615385 0.039663461538461536
7 0.5709134615384616 0.42427884615384615 0.04927884615384615 0.037259615384615384
7 0.6274038461538461 0.39663461538461536 0.051682692307692304 0.019230769230769232