4 0.18389423076923078 0.9387019230769231 0.36778846153846156 0.10336538461538461
4 0.4807692307692308 0.9483173076923077 0.08653846153846154 0.07211538461538461
4 0.5336538461538461 0.8088942307692307 0.25961538461538464 0.11298076923076923
4 0.7163461538461539 0.5673076923076923 0.33052884615384615 0.23557692307692307
4 0.4338942307692308 0.6322115384615384 0.2860576923076923 0.10817307692307693
4 0.5012019230769231 0.49759615384615385 0.27283653846153844 0.19110576923076922
4 0.8305288461538461 0.43028846153846156 0.2764423076923077 0.18389423076923078
4 0.13822115384615385 0.6935096153846154 0.2764423076923077 0.0889423076923077
4 0.2824519230769231 0.5012019230769231 0.078125 0.16947115384615385
4 0.45072115384615385 0.3605769230769231 0.28725961538461536 0.0673076923076923
4 0.6430288461538461 0.8100961538461539 0.12620192307692307 0.12259615384615384
4 0.29927884615384615 0.7019230769230769 0.20793269230769232 0.1502403846153846
4 0.08653846153846154 0.7944711538461539 0.17307692307692307 0.17548076923076922