3 0.5396634615384616 0.8401442307692307 0.2091346153846154 0.234375
3 0.7223557692307693 0.8677884615384616 0.20552884615384615 0.1935096153846154
3 0.27403846153846156 0.8918269230769231 0.2920673076923077 0.21514423076923078
3 0.042067307692307696 0.9579326923076923 0.0673076923076923 0.08413461538461539
3 0.4375 0.39903846153846156 0.17668269230769232 0.109375
3 0.5552884615384616 0.4362980769230769 0.17067307692307693 0.12980769230769232
3 0.8197115384615384 0.46033653846153844 0.2439903846153846 0.1310096153846154
3 0.8689903846153846 0.5024038461538461 0.14783653846153846 0.078125
3 0.9086538461538461 0.5721153846153846 0.18269230769230768 0.08173076923076923
3 0.8461538461538461 0.5444711538461539 0.15144230769230768 0.052884615384615384
7 0.056490384615384616 0.6598557692307693 0.1045673076923077 0.06129807692307692
7 0.2920673076923077 0.6490384615384616 0.17067307692307693 0.10576923076923077
4 0.4362980769230769 0.6502403846153846 0.09975961538461539 0.06009615384615385
2 0.5036057692307693 0.6298076923076923 0.06610576923076923 0.11177884615384616
2 0.5348557692307693 0.5600961538461539 0.051682692307692304 0.0829326923076923
4 0.28125 0.5817307692307693 0.10576923076923077 0.09134615384615384
6 0.4266826923076923 0.5504807692307693 0.1875 0.1346153846153846
6 0.640625 0.37259615384615385 0.06850961538461539 0.140625
7 0.6995192307692307 0.6694711538461539 0.0889423076923077 0.08653846153846154
7 0.16346153846153846 0.45552884615384615 0.039663461538461536 0.0625
7 0.23918269230769232 0.5048076923076923 0.051682692307692304 0.054086538461538464
3 0.5252403846153846 0.96875 0.11538461538461539 0.0625
3 0.6490384615384616 0.5949519230769231 0.08653846153846154 0.08413461538461539
3 0.19831730769230768 0.8413461538461539 0.04326923076923077 0.07091346153846154
3 0.2848557692307692 0.8329326923076923 0.09975961538461539 0.04567307692307692