2 0.38822115384615385 0.6802884615384616 0.11057692307692307 0.19951923076923078
2 0.5649038461538461 0.24158653846153846 0.057692307692307696 0.09735576923076923
4 0.08653846153846154 0.9098557692307693 0.17307692307692307 0.17548076923076922
4 0.23798076923076922 0.7247596153846154 0.11899038461538461 0.22115384615384615
3 0.6418269230769231 0.9350961538461539 0.1658653846153846 0.08413461538461539
3 0.8257211538461539 0.5865384615384616 0.25 0.5721153846153846
3 0.6526442307692307 0.4254807692307692 0.140625 0.0625
3 0.37259615384615385 0.40865384615384615 0.13221153846153846 0.09735576923076923
3 0.2512019230769231 0.38341346153846156 0.13341346153846154 0.07091346153846154
3 0.2283653846153846 0.3425480769230769 0.2776442307692308 0.18028846153846154
3 0.3798076923076923 0.34375 0.16105769230769232 0.0889423076923077
3 0.47115384615384615 0.375 0.11177884615384616 0.0985576923076923
3 0.5300480769230769 0.36177884615384615 0.11177884615384616 0.1658653846153846
3 0.3233173076923077 0.2403846153846154 0.1658653846153846 0.24639423076923078
3 0.4375 0.2800480769230769 0.15865384615384615 0.13581730769230768
3 0.7752403846153846 0.3088942307692308 0.4423076923076923 0.15865384615384615
3 0.6117788461538461 0.5432692307692307 0.24879807692307693 0.17307692307692307
7 0.5612980769230769 0.8677884615384616 0.0985576923076923 0.054086538461538464
7 0.7463942307692307 0.9639423076923077 0.26802884615384615 0.07211538461538461
4 0.29447115384615385 0.8401442307692307 0.24879807692307693 0.17307692307692307
7 0.125 0.6646634615384616 0.18389423076923078 0.20793269230769232
7 0.07451923076923077 0.5432692307692307 0.14903846153846154 0.07451923076923077
7 0.14423076923076922 0.5528846153846154 0.22115384615384615 0.13581730769230768
7 0.2127403846153846 0.5060096153846154 0.21153846153846154 0.07451923076923077
7 0.2920673076923077 0.5889423076923077 0.0985576923076923 0.17548076923076922
7 0.38822115384615385 0.5372596153846154 0.15264423076923078 0.19471153846153846
7 0.5012019230769231 0.21875 0.07572115384615384 0.08052884615384616
2 0.018028846153846152 0.2644230769230769 0.036057692307692304 0.0985576923076923
4 0.171875 0.11899038461538461 0.34375 0.08413461538461539
4 0.13341346153846154 0.8990384615384616 0.1971153846153846 0.17668269230769232
4 0.9206730769230769 0.7752403846153846 0.09735576923076923 0.10216346153846154
4 0.6899038461538461 0.24759615384615385 0.09375 0.09495192307692307