3 0.5721153846153846 0.9435096153846154 0.2536057692307692 0.10336538461538461
3 0.7512019230769231 0.9819711538461539 0.10336538461538461 0.03485576923076923
3 0.9519230769230769 0.8966346153846154 0.09495192307692307 0.054086538461538464
6 0.22115384615384615 0.33653846153846156 0.12379807692307693 0.06971153846153846
6 0.09254807692307693 0.8485576923076923 0.18509615384615385 0.2980769230769231
6 0.027644230769230768 0.6466346153846154 0.055288461538461536 0.14302884615384615
2 0.5576923076923077 0.25600961538461536 0.037259615384615384 0.0733173076923077
2 0.6009615384615384 0.2439903846153846 0.036057692307692304 0.09014423076923077
2 0.6394230769230769 0.25841346153846156 0.04326923076923077 0.07572115384615384
2 0.07572115384615384 0.390625 0.04927884615384615 0.09495192307692307
3 0.33533653846153844 0.8653846153846154 0.18028846153846154 0.19591346153846154
3 0.5769230769230769 0.5805288461538461 0.15625 0.12620192307692307
3 0.5288461538461539 0.6887019230769231 0.10216346153846154 0.055288461538461536
3 0.19230769230769232 0.5793269230769231 0.10216346153846154 0.125
3 0.20793269230769232 0.5528846153846154 0.07692307692307693 0.052884615384615384
3 0.6742788461538461 0.5901442307692307 0.09975961538461539 0.140625
3 0.6947115384615384 0.5564903846153846 0.13822115384615385 0.109375
3 0.8233173076923077 0.5348557692307693 0.07692307692307693 0.039663461538461536
3 0.828125 0.3485576923076923 0.04927884615384615 0.10336538461538461
3 0.8425480769230769 0.3918269230769231 0.04927884615384615 0.09134615384615384
3 0.953125 0.35096153846153844 0.09254807692307693 0.054086538461538464
7 0.8894230769230769 0.5985576923076923 0.03125 0.06490384615384616
7 0.9831730769230769 0.4206730769230769 0.03365384615384615 0.10216346153846154
7 0.4951923076923077 0.8064903846153846 0.25600961538461536 0.20192307692307693
7 0.41466346153846156 0.6418269230769231 0.14543269230769232 0.09615384615384616
7 0.34615384615384615 0.5408653846153846 0.0985576923076923 0.06850961538461539
7 0.4050480769230769 0.5841346153846154 0.11057692307692307 0.07572115384615384
7 0.47836538461538464 0.5336538461538461 0.09495192307692307 0.07091346153846154
7 0.4110576923076923 0.5072115384615384 0.12980769230769232 0.06009615384615385
7 0.390625 0.5192307692307693 0.28966346153846156 0.08533653846153846
7 0.38100961538461536 0.5925480769230769 0.20793269230769232 0.19110576923076922
7 0.06129807692307692 0.49038461538461536 0.12259615384615384 0.17307692307692307
7 0.06971153846153846 0.47596153846153844 0.09495192307692307 0.10216346153846154
7 0.9555288461538461 0.2247596153846154 0.08774038461538461 0.0985576923076923
7 0.9795673076923077 0.17427884615384615 0.040865384615384616 0.08413461538461539
7 0.9711538461538461 0.11177884615384616 0.057692307692307696 0.06009615384615385
7 0.8233173076923077 0.6814903846153846 0.1778846153846154 0.07932692307692307
7 0.9699519230769231 0.7331730769230769 0.054086538461538464 0.037259615384615384
6 0.390625 0.29447115384615385 0.18509615384615385 0.10336538461538461
6 0.7487980769230769 0.4495192307692308 0.05889423076923077 0.07572115384615384
3 0.8978365384615384 0.45913461538461536 0.04447115384615385 0.055288461538461536
3 0.7908653846153846 0.5060096153846154 0.039663461538461536 0.07451923076923077
7 0.21033653846153846 0.7055288461538461 0.11177884615384616 0.15625