6 0.06009615384615385 0.640625 0.1201923076923077 0.13221153846153846
6 0.3329326923076923 0.53125 0.078125 0.109375
2 0.46634615384615385 0.6021634615384616 0.04326923076923077 0.0673076923076923
2 0.42908653846153844 0.6021634615384616 0.04927884615384615 0.057692307692307696
2 0.3605769230769231 0.5997596153846154 0.06009615384615385 0.055288461538461536
3 0.41346153846153844 0.9278846153846154 0.09615384615384616 0.0673076923076923
3 0.4050480769230769 0.9423076923076923 0.13221153846153846 0.11538461538461539
3 0.5048076923076923 0.9567307692307693 0.09254807692307693 0.08533653846153846
3 0.8269230769230769 0.9723557692307693 0.1875 0.055288461538461536
3 0.8305288461538461 0.9302884615384616 0.17427884615384615 0.07932692307692307
3 0.9855769230769231 0.9350961538461539 0.028846153846153848 0.07451923076923077
3 0.9302884615384616 0.9170673076923077 0.11899038461538461 0.09615384615384616
3 0.8942307692307693 0.8569711538461539 0.21153846153846154 0.0985576923076923
3 0.7620192307692307 0.7860576923076923 0.10576923076923077 0.06610576923076923
3 0.8100961538461539 0.7331730769230769 0.10817307692307693 0.051682692307692304
3 0.8978365384615384 0.8677884615384616 0.20432692307692307 0.2644230769230769
3 0.9170673076923077 0.7620192307692307 0.06370192307692307 0.04927884615384615
3 0.8233173076923077 0.546875 0.07572115384615384 0.057692307692307696
3 0.7560096153846154 0.6430288461538461 0.054086538461538464 0.16947115384615385
3 0.5264423076923077 0.578125 0.140625 0.06370192307692307
3 0.890625 0.5841346153846154 0.055288461538461536 0.07932692307692307
3 0.890625 0.703125 0.04927884615384615 0.08653846153846154
6 0.03485576923076923 0.8125 0.06971153846153846 0.052884615384615384
6 0.06009615384615385 0.9326923076923077 0.11899038461538461 0.11057692307692307
6 0.32572115384615385 0.7884615384615384 0.06490384615384616 0.09134615384615384
6 0.33413461538461536 0.6394230769230769 0.055288461538461536 0.028846153846153848
4 0.8930288461538461 0.36658653846153844 0.052884615384615384 0.06610576923076923
4 0.42908653846153844 0.7920673076923077 0.15625 0.12620192307692307
7 0.484375 0.7319711538461539 0.12980769230769232 0.054086538461538464
7 0.5276442307692307 0.7620192307692307 0.125 0.05048076923076923
7 0.5288461538461539 0.8185096153846154 0.08774038461538461 0.07572115384615384
7 0.5324519230769231 0.8978365384615384 0.13221153846153846 0.08533653846153846
7 0.6370192307692307 0.7692307692307693 0.07451923076923077 0.08413461538461539
7 0.39783653846153844 0.5384615384615384 0.0733173076923077 0.09134615384615384
7 0.21394230769230768 0.6694711538461539 0.10096153846153846 0.06009615384615385
7 0.6850961538461539 0.765625 0.052884615384615384 0.040865384615384616
7 0.9038461538461539 0.46153846153846156 0.025240384615384616 0.04567307692307692
7 0.8774038461538461 0.2620192307692308 0.09375 0.05048076923076923
7 0.27884615384615385 0.5552884615384616 0.030048076923076924 0.051682692307692304
7 0.125 0.453125 0.10817307692307693 0.08052884615384616
7 0.13221153846153846 0.4110576923076923 0.23076923076923078 0.19951923076923078
7 0.18629807692307693 0.3269230769230769 0.11538461538461539 0.08533653846153846
7 0.1935096153846154 0.42788461538461536 0.09495192307692307 0.10817307692307693
7 0.30288461538461536 0.3629807692307692 0.06490384615384616 0.078125
7 0.32211538461538464 0.2920673076923077 0.07692307692307693 0.11658653846153846
7 0.039663461538461536 0.5072115384615384 0.052884615384615384 0.0733173076923077