2 0.2860576923076923 0.8185096153846154 0.17067307692307693 0.14302884615384615
2 0.27884615384615385 0.7992788461538461 0.07932692307692307 0.09134615384615384
3 0.4375 0.3112980769230769 0.21514423076923078 0.11057692307692307
3 0.7548076923076923 0.4254807692307692 0.17307692307692307 0.1658653846153846
3 0.7355769230769231 0.5540865384615384 0.3088942307692308 0.125
3 0.28846153846153844 0.6754807692307693 0.171875 0.1141826923076923
3 0.03365384615384615 0.32572115384615385 0.0673076923076923 0.14423076923076922
3 0.4723557692307692 0.6935096153846154 0.09134615384615384 0.06850961538461539
4 0.6850961538461539 0.7103365384615384 0.05889423076923077 0.05048076923076923
4 0.5925480769230769 0.39903846153846156 0.15264423076923078 0.08052884615384616
4 0.2932692307692308 0.32211538461538464 0.12379807692307693 0.09134615384615384
4 0.8737980769230769 0.6105769230769231 0.25240384615384615 0.10576923076923077
7 0.09975961538461539 0.8040865384615384 0.19951923076923078 0.11298076923076923
4 0.1814903846153846 0.3173076923076923 0.14903846153846154 0.09615384615384616