3 0.09615384615384616 0.4951923076923077 0.19230769230769232 0.09615384615384616
3 0.14783653846153846 0.46153846153846156 0.2283653846153846 0.08413461538461539
3 0.22596153846153846 0.6418269230769231 0.16346153846153846 0.22115384615384615
3 0.3545673076923077 0.4795673076923077 0.25 0.10336538461538461
3 0.3401442307692308 0.5588942307692307 0.18269230769230768 0.09375
3 0.5348557692307693 0.4891826923076923 0.09014423076923077 0.13221153846153846
3 0.2956730769230769 0.5096153846153846 0.5540865384615384 0.25961538461538464
7 0.7908653846153846 0.421875 0.11177884615384616 0.14182692307692307
7 0.7764423076923077 0.6225961538461539 0.08653846153846154 0.14423076923076922
7 0.6201923076923077 0.5048076923076923 0.06129807692307692 0.16105769230769232
7 0.5180288461538461 0.5793269230769231 0.07091346153846154 0.09134615384615384
7 0.5961538461538461 0.6153846153846154 0.09375 0.08413461538461539
7 0.6862980769230769 0.5384615384615384 0.07091346153846154 0.056490384615384616
7 0.8978365384615384 0.4266826923076923 0.06850961538461539 0.07091346153846154
7 0.9495192307692307 0.40024038461538464 0.05889423076923077 0.05889423076923077
3 0.20432692307692307 0.8762019230769231 0.09615384615384616 0.06370192307692307
7 0.22716346153846154 0.3786057692307692 0.07451923076923077 0.0625
7 0.6802884615384616 0.6430288461538461 0.07572115384615384 0.055288461538461536
7 0.9711538461538461 0.40865384615384615 0.057692307692307696 0.11538461538461539