4 0.2127403846153846 0.8197115384615384 0.42427884615384615 0.3605769230769231
4 0.41586538461538464 0.9375 0.15985576923076922 0.125
4 0.7463942307692307 0.7824519230769231 0.21514423076923078 0.2956730769230769
4 0.9375 0.7163461538461539 0.12379807692307693 0.23557692307692307
4 0.47475961538461536 0.21754807692307693 0.2860576923076923 0.109375
4 0.22596153846153846 0.21995192307692307 0.0673076923076923 0.054086538461538464
4 0.32211538461538464 0.36658653846153844 0.17668269230769232 0.056490384615384616
4 0.9038461538461539 0.890625 0.19230769230769232 0.1466346153846154
4 0.0985576923076923 0.5588942307692307 0.18990384615384615 0.13581730769230768
4 0.9447115384615384 0.5372596153846154 0.11057692307692307 0.21995192307692307
4 0.5661057692307693 0.8713942307692307 0.22956730769230768 0.2439903846153846