3 0.9543269230769231 0.4014423076923077 0.09134615384615384 0.1346153846153846
3 0.9711538461538461 0.43149038461538464 0.057692307692307696 0.09014423076923077
3 0.3942307692307692 0.9567307692307693 0.1346153846153846 0.08653846153846154
3 0.12139423076923077 0.9483173076923077 0.2283653846153846 0.10336538461538461
3 0.49278846153846156 0.9759615384615384 0.10336538461538461 0.04807692307692308
3 0.5504807692307693 0.9338942307692307 0.13581730769230768 0.11899038461538461
3 0.7115384615384616 0.9579326923076923 0.25600961538461536 0.08413461538461539
3 0.7331730769230769 0.9170673076923077 0.2439903846153846 0.09735576923076923
3 0.5889423076923077 0.9338942307692307 0.5048076923076923 0.13221153846153846
6 0.24759615384615385 0.3245192307692308 0.17548076923076922 0.19831730769230768
6 0.11057692307692307 0.37740384615384615 0.21995192307692307 0.1875
7 0.4495192307692308 0.671875 0.19831730769230768 0.2776442307692308
7 0.27524038461538464 0.6189903846153846 0.1310096153846154 0.17067307692307693
7 0.5492788461538461 0.6009615384615384 0.09735576923076923 0.07451923076923077
7 0.6069711538461539 0.6802884615384616 0.11899038461538461 0.08413461538461539
7 0.5841346153846154 0.7427884615384616 0.1466346153846154 0.08533653846153846
7 0.5733173076923077 0.8125 0.08533653846153846 0.08774038461538461
7 0.7067307692307693 0.7319711538461539 0.10096153846153846 0.11899038461538461
7 0.6262019230769231 0.5504807692307693 0.1045673076923077 0.08173076923076923
2 0.6370192307692307 0.17307692307692307 0.036057692307692304 0.06610576923076923
4 0.4879807692307692 0.4110576923076923 0.140625 0.056490384615384616
4 0.6730769230769231 0.484375 0.1778846153846154 0.055288461538461536
4 0.640625 0.43509615384615385 0.10216346153846154 0.056490384615384616
4 0.7367788461538461 0.26802884615384615 0.1658653846153846 0.021634615384615384
4 0.6862980769230769 0.18028846153846154 0.06850961538461539 0.027644230769230768
4 0.7608173076923077 0.16706730769230768 0.08774038461538461 0.05048076923076923
4 0.29447115384615385 0.3641826923076923 0.09495192307692307 0.09615384615384616
7 0.1502403846153846 0.4026442307692308 0.06490384615384616 0.039663461538461536
7 0.9435096153846154 0.75 0.11298076923076923 0.08533653846153846
7 0.9579326923076923 0.7944711538461539 0.0829326923076923 0.09735576923076923
7 0.8713942307692307 0.6838942307692307 0.203125 0.0733173076923077
4 0.5 0.33653846153846156 0.12379807692307693 0.046875