4 0.15625 0.7776442307692307 0.17427884615384615 0.18629807692307693
4 0.17548076923076922 0.7680288461538461 0.06490384615384616 0.04807692307692308
4 0.1141826923076923 0.8052884615384616 0.09134615384615384 0.0673076923076923
4 0.3954326923076923 0.8028846153846154 0.11298076923076923 0.09975961538461539
4 0.5240384615384616 0.8197115384615384 0.0829326923076923 0.08533653846153846
4 0.4495192307692308 0.8064903846153846 0.3173076923076923 0.18629807692307693
4 0.7271634615384616 0.8125 0.37740384615384615 0.22235576923076922
4 0.546875 0.5060096153846154 0.10336538461538461 0.11057692307692307
4 0.2776442307692308 0.5408653846153846 0.15625 0.11658653846153846
4 0.40625 0.5456730769230769 0.0625 0.0829326923076923
3 0.8485576923076923 0.4987980769230769 0.25 0.171875