3 0.7139423076923077 0.35096153846153844 0.5721153846153846 0.21394230769230768
3 0.6081730769230769 0.6742788461538461 0.2860576923076923 0.32572115384615385
3 0.6706730769230769 0.9074519230769231 0.27884615384615385 0.18509615384615385
3 0.4483173076923077 0.6538461538461539 0.18028846153846154 0.1622596153846154
3 0.8894230769230769 0.9266826923076923 0.16105769230769232 0.1466346153846154
2 0.8689903846153846 0.9435096153846154 0.11057692307692307 0.08774038461538461
4 0.35216346153846156 0.22956730769230768 0.10096153846153846 0.07692307692307693
6 0.13822115384615385 0.5336538461538461 0.2764423076923077 0.07692307692307693
4 0.23197115384615385 0.19831730769230768 0.07572115384615384 0.10096153846153846
7 0.125 0.7608173076923077 0.23197115384615385 0.07932692307692307
7 0.06490384615384616 0.8762019230769231 0.0985576923076923 0.08653846153846154
7 0.026442307692307692 0.9411057692307693 0.051682692307692304 0.09735576923076923
7 0.026442307692307692 0.8557692307692307 0.051682692307692304 0.04927884615384615
7 0.02283653846153846 0.765625 0.04567307692307692 0.06009615384615385
7 0.17668269230769232 0.9230769230769231 0.33413461538461536 0.15384615384615385
3 0.2548076923076923 0.3473557692307692 0.07211538461538461 0.04326923076923077
4 0.9483173076923077 0.6850961538461539 0.10336538461538461 0.0673076923076923