3 0.3317307692307692 0.6165865384615384 0.5721153846153846 0.7067307692307693
3 0.6502403846153846 0.13581730769230768 0.6995192307692307 0.2704326923076923
3 0.6899038461538461 0.11778846153846154 0.21875 0.23557692307692307
3 0.14903846153846154 0.125 0.2980769230769231 0.25
3 0.6790865384615384 0.9182692307692307 0.16947115384615385 0.16346153846153846
3 0.13822115384615385 0.8665865384615384 0.2764423076923077 0.265625
3 0.32572115384615385 0.8774038461538461 0.22355769230769232 0.24519230769230768
3 0.6021634615384616 0.53125 0.16346153846153846 0.27524038461538464
4 0.7740384615384616 0.4098557692307692 0.20552884615384615 0.2848557692307692
4 0.9098557692307693 0.43990384615384615 0.18028846153846154 0.3641826923076923
4 0.9459134615384616 0.7848557692307693 0.10817307692307693 0.2800480769230769
7 0.6310096153846154 0.3942307692307692 0.19591346153846154 0.13581730769230768