3 0.2848557692307692 0.8125 0.328125 0.375
3 0.13341346153846154 0.8028846153846154 0.23557692307692307 0.1875
3 0.27163461538461536 0.8954326923076923 0.16706730769230768 0.12740384615384615
3 0.6959134615384616 0.8545673076923077 0.6081730769230769 0.29086538461538464
3 0.5 0.8052884615384616 1 0.3894230769230769
3 0.9447115384615384 0.6454326923076923 0.109375 0.21514423076923078
3 0.3389423076923077 0.6682692307692307 0.09735576923076923 0.08774038461538461
3 0.5492788461538461 0.7920673076923077 0.09615384615384616 0.109375
3 0.84375 0.8942307692307693 0.11298076923076923 0.12620192307692307
3 0.9555288461538461 0.875 0.08774038461538461 0.14423076923076922
3 0.6971153846153846 0.875 0.23317307692307693 0.1466346153846154
3 0.6478365384615384 0.7860576923076923 0.13221153846153846 0.07692307692307693
3 0.1622596153846154 0.3161057692307692 0.3245192307692308 0.6322115384615384
3 0.15504807692307693 0.09975961538461539 0.28846153846153844 0.18629807692307693
3 0.20432692307692307 0.35336538461538464 0.234375 0.5288461538461539
3 0.6394230769230769 0.4098557692307692 0.25600961538461536 0.12379807692307693
3 0.5829326923076923 0.29086538461538464 0.1502403846153846 0.09375
3 0.47596153846153844 0.24278846153846154 0.16706730769230768 0.2608173076923077
3 0.4855769230769231 0.41346153846153844 0.1466346153846154 0.08533653846153846
6 0.828125 0.5697115384615384 0.1466346153846154 0.13221153846153846
7 0.7524038461538461 0.6826923076923077 0.14302884615384615 0.078125
7 0.8509615384615384 0.7163461538461539 0.1201923076923077 0.07091346153846154
7 0.7752403846153846 0.12259615384615384 0.10697115384615384 0.0673076923076923
2 0.9699519230769231 0.1310096153846154 0.06009615384615385 0.09375
4 0.59375 0.08413461538461539 0.12980769230769232 0.09014423076923077
4 0.6862980769230769 0.078125 0.03485576923076923 0.11899038461538461
6 0.8317307692307693 0.05889423076923077 0.0733173076923077 0.07692307692307693