4 0.1622596153846154 0.7668269230769231 0.3245192307692308 0.17908653846153846
4 0.18028846153846154 0.7956730769230769 0.18028846153846154 0.09495192307692307
4 0.140625 0.71875 0.14543269230769232 0.07572115384615384
4 0.8221153846153846 0.7932692307692307 0.1935096153846154 0.0829326923076923
4 0.71875 0.7716346153846154 0.18028846153846154 0.08413461538461539
4 0.46153846153846156 0.7463942307692307 0.2848557692307692 0.09975961538461539
4 0.8870192307692307 0.7463942307692307 0.22596153846153846 0.09375
4 0.8930288461538461 0.8774038461538461 0.21394230769230768 0.11057692307692307
3 0.1875 0.5300480769230769 0.3293269230769231 0.2403846153846154
3 0.8076923076923077 0.5240384615384616 0.38461538461538464 0.21634615384615385
7 0.17067307692307693 0.8677884615384616 0.11298076923076923 0.0889423076923077
7 0.7127403846153846 0.8245192307692307 0.0625 0.08173076923076923
7 0.578125 0.7956730769230769 0.054086538461538464 0.0625