3 0.4230769230769231 0.8016826923076923 0.234375 0.14302884615384615
7 0.8641826923076923 0.8377403846153846 0.27163461538461536 0.26802884615384615
7 0.7211538461538461 0.7019230769230769 0.15745192307692307 0.20192307692307693
7 0.9026442307692307 0.6586538461538461 0.18870192307692307 0.18990384615384615
7 0.8028846153846154 0.9206730769230769 0.3942307692307692 0.15865384615384615
7 0.10216346153846154 0.8341346153846154 0.20432692307692307 0.33052884615384615
7 0.4543269230769231 0.5528846153846154 0.32211538461538464 0.09014423076923077
6 0.9182692307692307 0.17548076923076922 0.16346153846153846 0.3076923076923077
6 0.8389423076923077 0.27403846153846156 0.20072115384615385 0.10697115384615384
4 0.07932692307692307 0.24879807692307693 0.1201923076923077 0.10336538461538461
4 0.22355769230769232 0.21153846153846154 0.054086538461538464 0.14302884615384615
4 0.30288461538461536 0.2247596153846154 0.04326923076923077 0.1310096153846154
4 0.33774038461538464 0.1971153846153846 0.04326923076923077 0.13942307692307693
4 0.6850961538461539 0.06610576923076923 0.20793269230769232 0.12860576923076922
7 0.11177884615384616 0.35336538461538464 0.2091346153846154 0.0829326923076923
7 0.5276442307692307 0.3641826923076923 0.40384615384615385 0.04447115384615385
7 0.44711538461538464 0.06850961538461539 0.2283653846153846 0.1310096153846154
3 0.11658653846153846 0.11177884615384616 0.11778846153846154 0.09615384615384616
4 0.11778846153846154 0.15504807692307693 0.057692307692307696 0.11538461538461539
4 0.5901442307692307 0.19831730769230768 0.038461538461538464 0.13822115384615385
7 0.828125 0.7584134615384616 0.34375 0.47836538461538464